0.018735 8
0.000152 78
3.523606 1
0.531471 1
0.370096 1
0.159112 1
0.385375 1
0.768974 1
1.165391 1
0.169242 1
0.574043 1
0.479606 1
0.580678 1
3.785336 1
0.160362 1
0.313031 1
0.208701 1
0.167842 1
0.243445 1
0.681361 11
0.002191 8
0.000164 78
0.956890 1
0.475254 1
0.190481 1
0.261313 1
0.111801 1
0.266471 1
0.113543 1
0.177921 1
0.118329 1
0.157363 1
0.569593 1
0.225042 1
0.166957 1
0.253762 1
0.203106 121
0.620055 14
0.363901 59
0.377661 24
0.556953 51
1.378296 11
0.002663 39
0.000149 2
0.733160 41
0.000121 2
0.000086 41
0.000233 41
0.000163 41
0.000144 41
0.000138 41
0.000204 41
0.000079 41
0.000141 41
0.000251 41
0.000133 42
0.000208 48
0.000111 2
0.000184 43
0.000309 43
0.000168 43
0.000140 43
0.000135 43
0.000136 43
0.000578 49
0.000375 2
0.000779 64
0.000157 2
0.001681 49
0.000172 49
0.000193 49
0.000170 49
0.000134 49
0.000154 49
0.000667 49
0.000110 49
0.000179 49
0.000125 50
0.000628 64
0.000424 2
0.010418 8
0.000164 102
202.103687 1
0.278948 1
0.455658 1
3.343650 4
0.175283 4
0.288126 4
0.185293 1
0.515495 1
0.351568 1
0.247302 97
1.443925 1
0.231356 1
0.391787 1
2.280148 1
2.025931 1
0.243120 1
0.310527 1
0.276715 1
0.128479 1
0.267321 1
1.130276 1
0.910741 1
1.666574 1
0.125616 1
0.544299 1
0.139365 1
0.485943 1
0.118510 1
0.139796 1
0.305401 1
0.177745 1
0.158154 1
0.461173 1
0.983535 1
0.521411 1
1.176362 1
0.893004 1
0.836561 4
0.304124 1
0.853927 1
0.265753 1
0.227663 1
52.525719 1
0.499201 1
0.082467 1
0.083393 1
0.083894 1
0.082960 1
0.084431 1
0.083043 1
0.084389 1
0.085367 1
0.081157 1
0.083984 1
0.084457 1
0.083192 1
0.084876 1
0.083458 1
0.083046 1
0.084334 1
0.084517 1
0.082648 1
0.084846 1
0.082052 1
0.084141 1
0.085484 1
0.083053 1
0.567248 1
2.910938 53
0.126879 53
0.314348 53
0.187378 53
0.716693 53
0.284481 53
0.216224 53
0.718483 53
0.188243 53
0.318585 53
0.488460 53
0.793997 53
2.137583 3
0.499374 3
0.084299 3
0.084172 3
0.082720 3
0.084726 3
0.083822 3
0.084745 3
0.083702 3
0.086040 3
0.082530 3
0.083093 3
0.085562 3
0.082750 3
0.084551 3
0.083612 3
0.084591 3
0.084014 3
0.083223 3
0.084280 3
0.083638 3
0.083141 3
0.083418 3
0.085167 3
0.081078 3
0.084569 3
0.083820 1
2.029191 1
6.254628 4
0.499313 4
0.084485 4
0.083035 4
0.083042 4
0.084586 4
0.082684 4
0.085192 4
0.083303 4
0.085182 4
0.082916 4
0.083548 4
0.084118 4
0.083984 4
0.083728 4
0.083650 4
0.083981 4
0.082865 4
0.083745 4
0.083849 4
0.084103 4
0.082874 4
0.083205 4
0.085766 4
0.083245 4
0.083916 4
0.083699 4
0.084492 4
0.083062 4
0.083103 4
0.082932 4
0.084989 4
0.083649 4
0.084228 4
0.084352 4
0.083381 4
0.083413 4
0.085154 4
0.082076 4
0.084822 4
0.082290 4
0.084723 4
0.083352 4
0.082713 1
0.082670 1
0.085282 1
0.448584 1
0.152998 1
0.145027 1
2.311264 1
1.816917 1
0.414923 1
2.177684 1
1.651600 1
0.302196 1
0.152763 1
0.655729 1
0.311525 1
0.421724 1
0.352402 1
0.422189 1
0.630204 1
0.216458 1
0.292056 1
0.490141 1
0.173981 1
0.092692 1
0.469898 11
0.086555 1
0.000279 30
7.450840 2
0.078308 2
0.000791 73
0.002252 117
0.001109 71
0.001422 28
0.000945 61
0.072936 2
0.004710 81
0.005339 100
0.062745 63
5.283711 1
0.260040 1
0.243070 1
1.097768 1
0.982833 1
0.122404 1
0.243611 1
0.137738 1
0.201680 1
0.107566 1
0.134110 1
0.287101 1
0.169077 1
0.166596 1
0.434376 1
0.815248 1
1.334617 1
0.310952 1
0.319610 1
0.201954 1
0.221806 1
1.302588 1
0.563360 1
0.572731 1
0.909478 1
0.163196 1
0.309317 1
0.145225 1
0.158261 1
0.119304 1
0.107427 1
0.266796 1
0.179272 1
0.160447 1
0.424853 1
1.113108 1
0.408106 1
0.836062 1
2.583228 1
0.379717 1
0.320791 1
0.380963 1
0.372557 1
0.645370 1
0.138289 1
0.952076 1
0.225323 1
0.608111 1
0.603905 1
0.210127 1
0.286895 1
0.194760 1
0.280296 1
1.045895 1
0.338747 1
0.534415 1
1.444798 1
0.607467 1
0.298822 1
0.143561 1
0.417879 1
1.224923 1
0.439026 3
0.366240 1
0.535811 1
0.704136 1
0.193029 1
0.173234 1
0.364574 1
0.087551 1
0.315661 1
11.227905 2
0.011253 85
0.000897 63
2.701551 73
12.887493 1
1.010459 4
0.267913 1
2.672416 1
0.237956 1
0.520354 1
0.182365 1
0.193182 1
0.994272 1
0.296223 1
0.617861 1
0.208896 1
0.245162 1
0.411333 1
0.374186 1
1.074997 1
0.943096 1
2.505992 1
0.773268 1
0.49