0.946218 63
2.617442 1
0.613694 1
0.849603 1
0.277053 1
0.295328 1
0.478844 4
0.173176 4
0.754673 1
0.218436 1
0.900477 1
0.497205 1
0.884528 1
0.651645 1
0.174981 1
0.882972 1
0.148067 1
0.519965 1
0.466364 1
0.148552 1
0.720789 1
0.739187 2
0.018107 63
1.660869 1
0.360888 1
0.871738 1
0.144030 1
0.381425 1
1.835048 1
0.595019 1
1.005651 1
0.505915 1
0.489987 1
1.020001 1
0.226901 1
1.062246 1
0.773933 1
0.213508 1
0.624811 1
3.567114 2
0.006112 63
0.911926 1
0.431273 1
1.180806 1
0.164870 1
0.310335 1
0.983729 1
0.559468 1
0.780889 1
1.565975 1
0.454445 1
1.172409 4
0.164938 4
0.171480 4
0.159429 4
0.920379 1
2.171663 1
0.470464 1
0.453712 1
0.457201 1
0.810366 1
0.660695 1
0.973479 1
0.218599 1
0.430445 1
1.800752 2
0.008106 63
1.550400 16
0.580393 1
0.500461 1
0.085439 1
0.083084 1
0.084061 1
0.083385 1
0.085520 1
0.082823 1
0.083623 1
0.084468 1
0.083770 1
0.404154 1
0.619656 5
2.027096 3
0.498342 3
0.085709 3
0.083302 3
0.083927 3
0.247478 3
0.284002 3
0.253844 11
1.580052 2
0.007713 63
41.025986 1
0.116141 1
0.190214 1
1.317542 1
2.233542 1
0.140212 1
0.257366 1
0.116704 1
0.133002 1
0.128072 1
0.098946 1
0.240956 1
0.175920 1
0.138197 1
0.314985 1
0.469829 1
1.646552 1
0.266256 1
0.270192 1
0.816211 1
0.332779 1
0.422613 1
0.388005 1
0.435240 1
0.876466 1
0.086557 1
0.293185 1
0.226718 1
0.152154 1
0.839876 1
0.212972 2
0.141297 39
6.895525 2
2.610203 78
3.440180 2
2.610163 78
5.314684 2
2.611056 105
18.167796 1
0.111897 1
0.768834 1
0.427865 1
0.229502 1
0.084211 1
0.235198 1
0.131557 1
0.139254 1
0.125018 1
0.132799 1
0.248214 1
0.187889 1
0.186781 1
0.254472 1
0.553490 1
1.020729 1
0.409825 1
0.398781 4
0.299386 1
0.127425 1
0.623131 1
0.251380 1
0.408802 1
0.280721 1
0.458047 1
0.672110 1
0.152062 1
0.279796 1
0.248281 1
0.286552 1
0.976641 1
0.953603 2
0.073626 39
2.360140 2
2.612603 78
10.647821 2
2.610471 39
0.000147 39
17.057930 2
2.611096 105
1.846786 30
1.422693 2
0.036108 39
2.521309 2
2.611238 37
0.000322 2
0.000395 39
3.876641 2
2.611318 78
25.501437 2
2.611406 105
0.132852 2
0.000011 63
0.500490 65
0.083785 65
0.083424 65
0.083021 65
0.084290 65
0.083317 65
0.088824 2
0.000010 63
0.078682 65
1.278659 30
0.935565 2
0.034590 39
2.638549 2
2.610519 78
18.865372 2
2.610741 78
4.857953 2
2.610961 105
96.796278 30
0.740919 1
0.500904 1
0.083362 1
0.085188 1
0.083881 1
0.082873 1
0.084081 1
0.083484 1
0.085098 1
0.083633 1
0.082969 1
0.084435 1
0.084556 1
0.084072 1
0.083856 1
0.771636 31
0.271282 31
0.647541 2
0.046262 41
2.262076 2
0.346251 622
0.093532 86
44.644592 1
0.190405 1
0.183982 1
0.274964 11
0.057263 13
0.163010 3110
3.010550 911
0.001437 422
0.000841 418
0.000263 525
3.009505 592
0.000906 1680
3.013443 1792
0.000154 256
0.000164 224
3.008444 485
0.000452 107
0.002182 1684
3.012241 487
0.000014 1789
3.011300 485
0.000205 1791
3.008880 715
0.001434 954
0.000084 840
3.008411 675
0.003045 1260
0.000097 208
3.009102 1012
0.000884 1260
3.006900 911
0.001239 1155
0.000239 210
3.008037 594
0.003728 313
0.000839 1365
3.007377 913
0.000375 1363
3.007421 2066
0.001005 210
3.010837 2272
3.007763 808
0.000052 628
0.001193 840
3.011031 834
3.011023 1852
0.000018 420
0.176459 6
0.004529 367
0.001307 1374
0.001317 420
0.000605 420
0.000930 317
0.000112 208
0.411441 6
0.004850 1213
0.000910 429
0.000358 208
0.000850 527
0.000558 733
0.162355 6
0.005224 737
0.000346 798
0.000986 420
0.000809 107
0.000730 630
0.000238 418
2.172563 28
0.003366 35
0.000075 86
4.440345 1
0.783654 1
1.383058 1
0.121694 1
0.324677 1
0.152818 1
0.450146 1
0.112013 1
0.176246 1
0.728201 11
0.026474 6
0.000578 86
59.859242 9
0.511492 16
0.670985 24
0.730611 27
0.609250 24
0.160162 1850
0.001850 1260
3.008956 521
3.006672 911
0.000870 630
0.001258 525
0.000185 210
3.010528 1276
0.000888 630
3.010852 1119
0.000320 735
0.000798 418
3.008627 1537
0.000406 212
0.001007 313
0.000113 210
3.007314 913
0.000452 523
0.001128 107
0.000103 523
0.000954 210
3.010742 1858
0.000223 418
3.010822 1121
0.000314 527
0.001108 420
0.000073 208
3.009788 624
3.005919 442
0.000498 525
0.000969 838
0.000381 105
3.010620 1242
3.007176 598
0.002810 418
0.000019 1260
3.010215 598
0.000807 26
3.009492 804
0.001317 1468
3.006911 1901
0.000151 630
3.009924 2062
0.001146 212
0.000076 420
0.000975 210
0.000564 105
3.010427 1016
0.000602 735
0.000290 525
3.009872 1436
0.000855 840
3.006991 697
0.000783 1050
0.000343 525
3.010797 480
0.001454 1164
0.000378 628
3.007632 594
0.003076 212
0.000013 1264
0.000788 206
3.008591 856
0.000242 1050
3.007104 703
0.000446 10
0.000291 18
3.007375 598
0.002032 1048
0.001742 630
3.007559 592
0.001049 1478
0.000606 206
3.008507 1215
0.003571 1790
2.060884 149
0.363950 97
49.323263 1
0.192373 1
0.251356 1
0.278246 1
0.096575 1
0.221980 1
0.115306 1
0.151901 1
0.079586 1
0.128955 1
0.220867 1
0.156008 1
0.121796 1
0.201529 1
0.198757 1
9.373668 1
0.081451 1
0.470399 1
0.435104 1
0.271023 1
0.206559 1
0.146181 1
0.423787 1
0.385034 1
0.598427 1
0.134020 1
0.157218 1
0.064986 1
0.558274 1
0.550347 1
5.154136 1
0.875449 1
0.302067 1
0.627212 1
0.841127 1
1.044568 1
0.243985 1
0.236250 1
0.275299 1
0.295739 1
1.065440 1
0.489193 1
0.151618 1
0.119144 1
0.549025 207
7.113569 44
0.446318 1
0.500305 1
0.085152 1
0.083091 1
0.083519 1
0.083704 1
0.085428 1
0.082735 1
0.084936 1
0.083359 1
0.083414 1
0.085338 1
0.082908 1
0.085178 1
0.082774 1
0.083224 1
0.085150 1
0.082899 1
0.084753 1
0.275167 1
0.377736 1
0.321060 47
0.762580 43
0.739717 179
5.844074 44
1.582700 4
0.499297 4
0.083921 4
0.084486 4
0.084038 4
0.083594 4
0.083870 4
0.083723 4
0.084856 4
0.083943 4
0.083403 4
0.083697 4
0.083589 4
0.564367 4
0.181200 4
0.384838 151
4.157535 1
0.449735 1
4.903299 1
0.562742 1
0.172062 1
0.400436 1
0.343305 1
0.260775 161
1.457568 1
0.383312 1
2.335251 1
1.723903 1
0.157935 1
0.260359 1
0.218768 1
0.801601 1
0.249412 1
0.440460 1
0.109391 1
0.097122 1
0.347827 211
32.306466 1
0.197369 1
0.662677 1
4.083966 4
0.220111 4
0.231514 4
0.946669 1
0.202889 1
0.204373 1
0.183416 1
0.140174 1
0.209799 1
0.269253 151
1.437195 1
0.188116 1
0.435539 1
0.219375 1
0.206945 1
0.959145 1
0.605528 1
0.154993 1
0.254761 1
0.300056 1
1.039940 11
0.060295 140
89.942167 1
0.138984 1
0.093860 1
0.291400 1
2.868498 1
0.543673 1
0.497035 1
0.247462 1
1.227036 1
0.480504 1
0.544449 1
0.682286 1
0.151146 1
0.096933 1
0.309864 11
0.077581 75
0.002416 67
0.002945 105
0.001628 446
5.118965 89
2.253952 71
0.001151 140
1.588651 3
0.880815 16
0.636579 11
0.003290 75
0.001510 29
0.000602 38
0.001119 3
0.000802 102
0.001884 434
0.000441 12
7.351663 89
3.109615 71
0.000780 140
2.340730 14
0.492946 28
0.680373 11
0.096784 140
99.296600 1
0.218982 1
0.246576 1
0.224154 1
0.220891 1
0.215254 11
0.007319 179
0.002012 1768
0.001156 239
0.001301 119
0.000448 8
0.000703 132
18.367595 5
0.704824 1
0.160281 1
0.358035 11
0.110239 56
0.001991 8
0.000508 132
68.567609 7
0.465597 5
29.564490 5
1.404884 11
0.042643 140
5.474985 1
0.148491 1
0.439051 1
0.198523 1
0.135072 1
0.242765 1
0.273253 1
0.221772 161
1.001979 7
1.439951 31
0.151793 8
0.650816 5
0.382099 11
0.007093 70
0.001218 8
0.000842 142
3.904797 10
2.670055 4
0.187294 4
0.193528 4
0.445584 4
0.865564 1
0.137216 1
0.579629 1
0.214327 1
0.407879 1
0.322854 1
0.612136 1
0.104494 1
0.089669 1
0.712567 11
0.100379 150
2.270606 15
2.114954 1
0.500235 1
0.084056 1
0.085204 1
0.084504 1
0.764077 3
0.345698 13
0.152460 9
0.147711 11
0.002108 75
0.001069 150
97.665080 1
0.463117 1
1.592162 1
0.210630 1
0.142961 1
0.203793 1
0.262239 151
3.919439 1
0.290771 1
1.549150 1
0.272868 1
0.116796 1
0.189274 1
0.469587 1
0.515989 1
1.261666 1
1.406238 1
0.516907 1
0.977354 1
0.490721 1
0.156280 1
1.843365 4
0.115095 4
0.980372 1
0.127628 1
0.154207 1
1.281381 1
0.686348 1
0.426411 1
0.231229 1
0.187060 1
0.577829 4
0.138507 4
0.601067 4
0.135118 4
0.257855 1
0.654132 1
0.285264 1
0.091043 1
0.162838 1
0.077300 1
0.124471 1
0.384196 1
0.198989 1
0.151177 1
0.199434 1
8.448742 1
0.848895 3
0.249726 1
0.265549 1
0.215861 1
1.320545 1
0.350667 1
0.254863 1
0.356631 1
1.399476 11
0.014120 140
3.024922 36
1.354330 1
0.501886 1
0.083191 1
0.083440 1
0.082714 1
0.085416 1
0.083281 1
0.083555 240
0.084363 1
0.083720 1
0.082921 1
0.084197 1
0.083865 1
0.084090 1
0.083314 1
0.082971 1
0.084245 1
0.082418 1
0.084421 1
0.084674 1
0.083744 1
0.084318 1
0.082938 1
0.086467 1
0.082196 1
0.083526 1
0.084232 1
0.082178 1
0.083431 1
0.084278 1
0.084118 1
0.083792 1
0.083762 1
0.084125 1
0.083945 1
0.082950 1
0.083739 1
0.082780 1
0.084666 1
0.828896 176
0.083797 179
0.136516 182
0.189544 185
0.774774 186
0.911455 185
0.139717 188
2.356893 3
0.497831 3
0.081681 3
0.084811 3
0.083209 3
0.083335 3
0.084451 3
0.083879 3
0.840902 205
0.501185 200
0.084044 199
0.084309 196
0.084871 193
0.128322 190
0.191917 187
0.330546 184
0.316457 179
2.745773 89
0.001201 117
0.000624 6
0.002244 105
0.000605 6
0.000541 423
0.000928 5
0.000745 171
0.000784 97
23.588650 71
0.000910 140
5.641824 136
0.014459 136
0.009199 136
0.017662 136
0.015273 136
0.018235 136
0.015513 136
0.014680 136
0.018914 136
0.015901 136
0.046693 136
0.470010 136
178.893010 1
0.267355 1
0.189216 1
1.339628 4
0.767275 1
0.720087 1
1.029840 1
0.419399 1
0.838433 1
0.503042 1
0.410706 1
0.146717 1
0.505659 1
0.667647 1
1.368231 1
0.128341 1
0.362384 1
0.063395 1
0.163311 1
0.100978 1
0.145754 1
0.224152 1
0.178100 1
0.165264 1
0.275404 1
1.330608 1
0.363704 1
0.183941 1
0.221172 1
0.374284 1
0.733848 1
0.942804 1
0.256141 1
0.439529 1
1.147405 11
3.600211 140
2.231781 1
0.130668 1
0.177831 1
0.379745 1
1.662332 1
2.561417 1
0.433791 1
0.167095 1
9.452649 4
0.580597 1
0.650461 1
1.314084 1
0.484829 1
0.146415 1
0.268464 1
0.111342 1
0.161735 1
0.110813 1
0.107742 1
0.218260 1
0.186951 1
0.163748 1
0.318493 1
3.314443 1
1.332961 1
0.168417 1
0.166974 1
0.344185 1
1.169694 1
0.290208 1
0.176763 1
0.372165 1
0.341349 11
0.002280 62
0.000538 13
0.001963 57
0.000795 6
0.266692 64
0.002216 118
0.001019 114
0.000960 148
0.001044 182
0.002160 53
0.000564 11
0.002563 184
0.001525 289
0.000807 59
0.001071 43
0.000492 41
0.001028 17
0.000293 50
0.000238 17
0.000116 9
0.001433 67
0.000105 83
0.000634 17
0.001183 121
0.000130 45
0.001687 31
0.000494 224
42.377016 90
1.831536 71
0.000939 140
44.480420 1
0.810026 1
0.103339 97
0.473431 1
0.144250 1
59.786733 4
0.193682 4
5.827903 1
0.157148 1
1.295566 1
1.685189 1
0.482404 1
0.330636 1
0.663344 1
1.068013 1
1.460084 4
0.308536 1
0.191060 1
6.754676 4
0.128807 4
0.811795 23
0.805003 39
0.114045 1
0.000395 30
4.724707 2
0.087787 2
0.001014 289
0.001275 59
0.070268 2
0.003935 81
0.005054 100
0.057789 63
8.725339 1
0.276093 1
0.252417 1
1.416379 1
0.463530 1
0.142787 1
0.254400 1
0.134858 1
0.206497 1
0.130027 1
0.141820 1
0.352889 1
0.190166 1
0.150764 1
0.284254 1
1.974707 1
1.003296 1
0.625468 1
0.568595 1
0.152676 1
0.284549 1
0.155612 1
0.241160 1
0.226037 1
0.166696 1
0.295879 1
0.283749 1
0.235817 1
0.487203 1
4.710265 1
0.878762 1
1.366507 1
1.601681 1
0.282314 1
0.370081 1
1.483780 1
1.246875 1
4.139891 1
0.555627 1
0.422593 1
0.345948 1
0.145337 1
0.180926 1
0.457961 1
0.104241 1
0.260521 1
0.199085 2
0.002484 47
0.000951 63
7.123801 46
0.725018 1
1.291721 3
0.500585 1
0.082204 1
0.085610 1
0.083601 1
0.224753 4
0.502696 4
0.082510 4
0.085340 4
0.082596 4
0.084909 4
0.082936 4
0.085274 4
0.083730 4
0.083290 4
0.084242 4
0.084210 4
0.083446 4
0.086081 4
1.049416 4
0.226820 4
0.496681 4
0.623416 2
0.002728 4
0.000277 39
0.003888 65
0.004386 75
0.002511 4
0.000754 69
0.003394 113
0.003083 99
0.004052 91
0.002809 109
0.003529 4
0.000720 101
0.004650 97
0.001018 63
21.782133 29
4.490518 1
0.913994 4
0.766287 1
3.682377 1
0.126774 1
0.379703 1
0.201353 1
3.754447 1
0.125383 1
0.275388 1
1.112789 1
0.243259 1
0.173050 1
0.299944 1
10.334680 4
0.496828 4
0.083166 4
0.083767 4
0.084569 4
0.083596 4
0.084360 4
0.273321 4
0.208791 4
0.153571 4
0.158285 4
0.229683 4
0.504035 4
0.081066 4
0.083991 4
0.084035 4
0.083911 4
0.083768 4
2.497038 1
0.164662 1
0.272188 1
0.196109 1
0.138537 1
0.214728 1
1.241739 1
1.031300 1
0.975331 1
1.522121 1
0.248330 1
0.740549 1
0.683018 1
0.378579 1
0.598981 1
0.337537 1
3.678114 1
0.685248 1
0.107282 1
0.163535 1
0.302363 1
0.289720 1
0.423127 1
1.954725 1
1.411284 4
0.293031 1
1.160175 1
0.186511 1
0.277635 1
0.096565 1
0.154061 1
0.090974 1
0.280456 1
2.497454 1
0.181309 1
0.292675 1
0.2961