0.038702 8
0.000494 144
9.450611 1
0.804790 1
0.397662 1
0.167999 1
1.284520 1
2.874977 1
0.345564 1
0.637020 1
0.985018 1
0.636929 4
0.605530 1
1.636588 1
0.462613 1
0.586378 1
0.139921 1
0.210925 1
1.303144 1
1.252535 1
0.396523 1
0.522626 1
0.203390 1
0.355694 1
0.236853 1
1.014257 1
0.277544 1
2.479799 1
2.736225 11
0.064324 42
3.698852 2
2.430073 35
0.000163 2
0.001260 42
10.184911 2
0.131173 8
0.000950 144
80.507299 1
0.575935 1
0.439773 1
0.146097 1
0.813184 1
0.559791 1
0.348848 1
0.368422 1
0.433870 1
0.348884 1
0.317252 1
0.211461 1
0.239948 1
1.039956 1
0.294517 1
0.337523 1
0.432532 1
0.645329 1
0.759737 1
0.303649 1
0.948586 1
0.558827 1
0.505930 1
0.474776 1
0.341827 1
1.167986 1
0.302491 1
0.235001 1
0.252727 1
3.506005 1
0.337499 1
0.374271 1
40.622834 11
0.145123 8
0.000279 144
1181.992535 1
0.198688 1
0.433339 1
0.307858 1
1.116198 1
0.846833 1
0.428918 1
2.071347 1
0.546502 1
0.229641 1
2.137328 1
0.636034 1
0.891978 1
0.485157 1
0.211573 1
0.869798 1
0.666156 1
0.687999 1
1.081006 4
0.168150 4
0.617855 1
0.143123 1
0.263127 1
0.099726 1
0.174772 1
0.114035 1
0.170286 1
0.235931 1
0.210338 1
1.082430 1
0.254051 1
0.471261 1
0.315708 1
2.433897 1
3.092600 11
0.021542 42
6.372332 2
0.073914 4
0.000216 2
0.000097 43
0.001074 1
0.000108 2
0.002170 8
0.000243 144
25.714307 30
1.703290 1
1.837306 1
0.443253 1
0.290973 1
0.299285 1
0.225088 1
0.265208 1
0.290852 1
0.405988 1
0.337768 1
3.107223 1
0.408827 11
0.006360 4
0.000116 2
0.000043 43
0.000446 1
0.000260 2
0.001688 8
0.000152 144
317.917180 1
0.150822 1
0.408232 1
0.850395 1
0.825555 1
0.768716 1
0.221805 1
0.274438 1
0.360756 1
0.334416 1
0.279372 1
0.132146 1
0.254988 1
0.769761 1
0.333456 1
0.232040 1
0.302578 1
0.742735 1
1.177856 1
0.272937 1
0.873138 1
15.127873 1
0.686991 1
0.458936 1
0.210089 1
0.458233 1
0.224709 1
0.182011 1
0.299330 1
4.036847 1
0.233065 1
0.258746 1
7.337469 11
0.032701 71
0.000591 2
0.005166 8
0.000349 144
13.504421 1
0.206838 1
1.542628 1
0.450799 1
0.367799 1
1.000099 1
2.658583 1
0.881291 1
4.729604 1
0.473038 1
3.629714 1
8.740203 4
38.439768 11
1.647392 7
7.654781 1
0.933999 1
0.169864 1
0.274048 1
0.147961 1
0.169611 1
0.124990 1
0.143442 1
0.254891 1
0.181003 1
0.129053 1
0.403987 1
0.183947 11
0.018845 7
0.000321 64
0.000672 2
0.000442 115
0.000131 2
0.000916 8
0.000348 144
9.340899 23
0.425497 1
0.191924 1
0.159348 1
0.500671 1
0.082838 1
0.083539 1
0.084074 1
0.085736 1
0.082852 1
0.083625 1
0.084112 1
0.083624 1
0.085089 1
0.461993 27
0.693999 11
0.002083 8
0.000163 144
3.918360 1
0.464560 1
0.542401 1
0.262632 1
1.921813 1
8.464590 4
0.499486 4
0.083921 4
0.085023 4
0.084067 4
0.084128 1
0.084091 1
1.196592 1
1.622841 4
1.478427 1
0.252261 1
0.218207 1
0.137325 1
0.182152 1
0.378253 4
0.145703 4
0.139108 4
0.136900 4
0.512711 1
0.324349 1
0.553398 1
0.134643 1
0.184067 1
0.251724 151
1.054506 6
0.438455 121
0.372217 6
0.245255 97
2.803401 6
0.352251 28
0.589502 11
0.001073 8
0.000185 78
1.527690 24
7.742475 1
40.423411 1
1.435247 4
108.550583 1
0.167818 1
1.472606 1
0.437212 1
0.539036 1
1.164330 1
1.698369 1
0.178139 1
0.389842 1
0.301738 1
0.239567 1
0.113844 1
0.102720 1
0.899048 1
0.871150 1
7.905785 1
0.989771 1
0.345322 1
0.475769 1
2.581559 1
1.566288 1
0.201055 1
0.267088 1
0.160108 1
0.362882 1
24.048003 4
0.760204 1
0.330046 1
0.496047 1
0.208487 1
0.198345 1
9.423863 11
0.000539 8
0.000153 78
251.664515 1
0.324499 1
0.860352 1
0.227875 1
0.824394 1
0.947240 1
0.267397 1
0.389806 1
1.429210 1
0.467622 1
0.182309 1
0.357945 1
0.189227 1
0.289714 1
1.707871 1
0.279214 1
0.766775 4
0.185805 4
0.525002 1
0.163369 1
0.264935 1
0.934508 1
0.773577 1
0.790557 1
0.401608 1
0.231610 1
0.322503 1
0.240224 1
0.334593 1
0.124850 1
0.721313 1
1.086549 1
0.220818 1
0.561861 11
0.026350 8
0.000125 78
23.248557 97
0.475704 1
0.627809 1
0.306524 1
0.329018 1
0.676362 1
1.706689 1
0.315025 1
0.424569 1
0.621831 1
0.436322 1
0.531062 1
0.508242 1
0.248692 1
0.758127 1
0.192874 1
0.319021 1
0.220905 1
0.174293 1
0.186787 1
0.143880 1
0.323927 1
0.206188 1
0.177027 1
0.285341 1
0.302417 1
1.343487 1
1.203202 1
0.120932 1
0.556482 1
0.205481 1
0.200707 1
0.531007 1
31.134201 1
0.347983 1
0.566805 1
0.653728 11
0.043874 8
0.000158 78
6.085696 35
0.699934 1
0.501852 1
0.083580 1
0.084227 1
0.084394 1
0.082839 1
0.085355 1
0.083038 1
0.085234 1
0.082728 1
0.082969 1
0.083703 1
0.083956 1
0.083901 1
0.083814 1
0.084426 1
0.083378 1
0.294808 1
0.170304 1
0.342272 1
0.138114 1
0.158782 1
0.155047 1
0.281169 51
0.171093 51
0.163708 51
1.460876 47
0.203893 47
0.384391 47
1.749036 49
0.488000 47
0.485499 47
0.963507 47
4.701488 49
0.965895 47
0.327230 47
0.206668 47
0.479559 47
2.352377 47
1.715516 47
0.815254 47
0.323981 47
0.379347 47
0.195948 47
0.506352 47
0.404081 47
2.443891 47
0.612372 47
0.517491 47
12.009203 11
0.038641 8
0.000127 78
3.177673 1
1.070533 1
0.570267 1
0.310882 1
1.780217 1
0.626167 1
3.367295 1
1.370158 11
0.001112 7
0.000128 48
0.000253 2
0.000229 115
0.000083 2
0.000575 8
0.000126 78
1.515281 7
1.205463 1
1.634253 1
0.273960 1
2.118059 1
0.842032 1
0.651928 1
0.555978 1
0.283808 1
0.382585 1
2.822478 1
1.878265 1
0.438048 1
0.255671 1
0.672368 1
0.281561 1
0.404642 1
0.490325 1
0.900434 1
0.330702 1
0.202908 1
0.614206 11
0.001244 7
0.000119 72
0.000605 56
0.000094 2
0.000697 8
0.000260 78
96.601819 27
7.900136 148
0.000696 8
0.000394 78
78.463699 1
0.368853 1
0.290067 1
0.898285 1
0.471740 1
0.588981 1
0.394629 1
0.573425 1
0.343588 1
0.941604 1
3.681134 1
0.655588 1
0.573550 1
0.786186 1
5.981140 1
1.688038 1
0.218060 1
0.257734 1
0.375682 1
0.319550 1
0.528514 1
0.714520 4
0.371179 1
2.596997 1
0.150928 1
1.195445 1
0.155410 1
0.247889 1
0.223543 1
0.135016 1
0.367182 1
0.200350 1
0.275411 1
0.495558 1
0.543442 1
0.149667 1
0.474773 1
4.434532 4
0.471164 4
0.432332 1
0.440746 1
0.403820 1
0.760537 1
0.339571 1
0.314271 1
0.244421 1
1.384531 1
0.319026 1
0.215759 1
1.838534 11
0.020860 8
0.000137 78
4.109177 1
0.246997 1
0.633233 1
0.404649 1
1.104541 1
0.482218 1
0.514993 1
0.835900 1
0.333701 1
0.921991 1
0.768569 1
0.759409 1
0.794753 1
0.924341 1
0.515449 1
0.449197 1
1.119980 1
0.502214 1
0.082857 1
0.083730 1
0.083835 1
0.348197 15
1.446720 11
1.168516 3
0.499973 3
0.084644 3
0.084857 3
0.083636 3
0.084981 1
0.083332 1
2.174911 1
9.523941 1
0.265054 1
0.199278 1
0.153735 1
2.746037 1
1.286811 1
0.228899 1
0.226121 1
0.225770 1
0.270047 1
0.887525 1
3.610259 1
0.719911 1
0.301966 1
0.283512 1
0.150769 1
0.142334 1
0.122557 1
0.315383 1
0.201248 1
0.206332 1
0.544628 1
3.012192 1
0.914206 1
0.650818 1
0.166015 1
0.489474 1
0.251550 1
0.238974 1
0.544192 1
0.697025 1
0.269744 1
0.466705 1
3.478521 11
0.022576 4
0.000378 125
0.000181 2
0.000221 112
0.000076 2
0.001852 8
0.000571 78
4.320546 50
2.971243 1
0.501134 1
0.083927 1
0.084494 1
0.084735 1
0.083549 1
0.083251 1
0.083788 1
0.084193 1
0.084417 1
0.083167 1
0.084548 1
0.083107 1
0.375323 1
0.244887 1
0.212941 1
0.176490 1
0.171719 1
0.166398 1
0.501525 1
0.082496 1
0.085057 1
0.083944 1
0.082979 1
0.083809 1
0.083662 1
0.083507 1
0.083871 1
0.224065 1
0.404927 1
1.346587 3
0.183588 59
0.764939 11
0.015811 8
0.000138 78
3.778421 1
0.325812 1
0.372180 1
0.320836 1
0.690566 1
2.981092 1
0.242506 1
0.391506 1
0.387474 1
0.394121 1
0.381416 1
0.456833 1
0.466068 1
0.595289 1
0.634795 1
0.831867 1
0.316765 1
1.265400 1
0.212768 1
0.260443 1
0.241215 1
0.233152 1
10.686953 1
0.411317 1
0.237751 1
0.359805 1
0.423290 1
0.201722 1
0.764941 1
2.025204 1
0.582418 4
0.153259 4
0.162121 4
0.163391 4
0.138826 4
0.160394 4
0.180808 4
1.015833 1
0.137404 1
0.253799 1
0.162155 1
0.150560 1
0.323685 1
0.218744 1
1.618240 1
0.198342 1
0.236483 1
1.009283 1
0.315478 1
0.407883 1
0.894522 1
0.131843 1
0.519952 1
0.234878 1
0.285412 1
0.250904 1
1.193258 1
0.225508 1
0.339012 1
0.892259 1
0.665574 1
0.239931 1
0.273856 1
0.126090 1
0.138352 1
0.128468 1
0.150000 1
0.335943 1
0.246373 1
0.446082 1
0.313522 1
1.217085 1
1.750387 1
0.405925 1
0.462519 1
0.346580 1
0.251596 1
0.644530 1
0.398284 1
1.346236 1
0.375475 1
0.311611 1
0.886386 11
0.032220 8
0.000131 78
2.832672 97
7.898821 1
0.434434 1
0.354331 1
0.433712 1
1.108390 1
0.681709 1
0.508089 1
1.397548 1
0.602316 1
0.769234 1
1.605983 1
0.243758 1
0.128570 1
0.309250 1
0.323999 1
1.983678 1
0.884305 1
0.972285 1
0.279562 1
0.404840 1
0.253232 1
0.284602 1
0.243403 1
2.452570 1
0.161301 1
0.291539 1
2.659648 1
1.508654 1
0.788227 1
0.371059 1
0.275947 1
0.185829 1
0.169125 1
0.176511 1
0.355107 1
0.218221 1
0.200124 1
0.696336 4
0.196188 4
0.186344 4
0.775095 1
0.224128 1
0.121674 1
0.375904 1
7.152506 11
0.023815 8
0.000142 78
2.029135 1
0.165915 1
0.404060 1
0.211136 1
0.865945 1
0.658219 1
0.444689 1
0.440792 1
0.317005 1
0.448880 1
1.269444 1
1.061836 1
0.666428 1
2.238932 1
2.985656 1
1.836667 1
0.470540 1
0.175477 1
1.114359 1
0.492455 1
0.164619 1
0.160060 1
0.127354 1
0.410580 1
0.181360 1
0.144268 1
0.286552 1
0.293102 11
0.006442 4
0.000124 2
0.000601 41
0.000503 1
0.000069 2
0.001784 8
0.000342 78
37.401536 27
0.329273 1
0.501530 1
0.083500 1
0.083824 1
0.084276 1
0.085513 1
0.082963 1
0.084369 1
0.084317 1
0.084063 1
0.084334 1
0.083408 1
0.084448 1
0.084098 1
0.085132 1
0.083644 1
0.587006 1
0.655560 5
0.257957 5
0.600366 9
0.347809 11
0.014989 8
0.000131 78
31.270754 97
0.123859 97
0.165994 97
0.125036 97
1.809490 1
0.148683 1
0.120955 1
24.486176 4
0.118111 4
0.120049 4
9.025285 1
0.121466 1
0.278391 1
2.053610 1
8.928649 1
0.172463 1
0.170114 1
0.175406 1
0.220944 1
0.430861 1
0.235940 1
0.230689 1
0.213291 1
0.123918 1
0.207085 1
0.495904 1
0.254707 1
0.326395 1
0.427866 1
0.334354 11
0.007862 86
0.000215 2
0.001356 8
0.000111 78
100.888108 1
0.551602 1
0.232675 1
0.645536 1
0.149753 17
