0.489290 63
26.418070 1
0.197108 1
0.273324 1
0.540074 1
0.917024 1
0.859154 1
0.403432 1
0.236259 1
0.215933 1
0.784346 4
0.339776 1
0.593815 1
4.718806 1
0.390537 1
0.183901 1
0.285226 1
0.938537 1
0.564485 1
0.152797 1
0.738969 1
0.220959 1
0.247413 1
1.104130 1
1.842574 4
0.208703 4
0.136173 4
0.134713 4
0.165600 4
0.134611 4
0.743971 1
0.229244 1
0.533993 1
0.200673 1
0.651845 1
0.111014 1
0.436760 1
0.275463 1
0.363620 1
3.435833 2
0.092185 63
13.795977 1
0.254287 1
0.461345 1
0.737757 1
0.363810 1
0.518221 1
0.436291 1
0.375433 1
0.544139 1
0.356836 1
0.354927 1
0.213186 1
0.285129 1
0.902331 1
0.214601 1
0.316803 1
0.358204 1
0.527620 1
0.807703 1
2.650827 1
1.890006 1
0.876012 1
0.470518 1
0.318404 1
0.302540 1
0.247978 1
0.357609 1
0.480378 1
0.486949 1
0.328900 1
0.277265 1
0.682834 4
0.171366 4
0.172315 4
0.143329 4
0.916784 1
0.118686 1
0.204441 1
0.295913 1
0.981780 2
0.048604 30
0.000155 2
0.000296 17
0.000392 2
0.000236 27
0.000186 2
0.000540 2
0.000264 8
0.000424 2
0.000446 76
0.000053 2
0.000736 43
0.000671 2
0.000631 62
0.000706 2
0.000246 65
0.000019 2
0.000011 77
0.000006 2
0.000007 66
0.000006 2
0.000009 77
0.000037 2
0.000024 74
0.000019 2
0.000019 39
0.000036 2
0.000094 71
0.000012 2
0.000042 39
0.000008 2
0.000008 66
0.000005 2
0.000007 71
0.000006 2
0.000006 65
0.000026 2
0.000008 70
0.000005 2
0.000005 49
0.000006 2
0.000007 64
0.000005 2
0.000007 71
0.000006 2
0.000006 75
0.000005 2
0.000006 40
0.000005 2
0.000007 68
0.000005 2
0.000005 48
0.000005 2
0.000007 69
0.000005 2
0.000007 55
0.000005 2
0.000007 56
0.000006 2
0.000006 62
0.000006 2
0.000006 58
0.000006 2
0.000006 77
0.000005 2
0.000007 82
0.000005 2
0.000007 2
0.002710 63
13.240773 31
0.603888 1
0.501415 1
0.083356 1
0.084725 1
0.082536 1
0.082452 1
0.084231 1
0.083814 1
0.083774 1
0.084846 1
0.084521 1
0.084093 1
0.082591 1
0.084793 1
0.286062 5
0.920367 5
0.310378 3
0.315116 5
0.256353 2
0.064181 63
10.917572 32
0.208789 57
0.155244 112
0.187154 59
0.746731 107
0.312189 556
0.503407 59
0.236889 75
0.315079 142
0.305815 57
0.289639 13
0.275831 3
0.268456 33
0.232780 75
0.380167 45
0.286709 2
0.280240 2
0.189140 2
0.866765 63
0.221462 1
0.295242 1
0.295040 1
0.257512 1
0.537655 1
0.240817 1
0.223662 1
1.144374 40
0.378770 2
0.192148 2
0.149149 2
0.514223 86
0.204490 75
0.344228 68
0.295664 7
0.256402 16
0.235728 71
0.852509 142
0.291036 59
0.252119 75
0.213379 32
0.190079 146
0.204417 28
0.201831 71
0.194122 57
0.204328 55
0.195214 1
0.185809 1
0.258121 1
0.293472 1
1.009266 1
0.269138 1
0.428799 1
0.225500 1
1.166848 1
1.150118 1
0.718510 1
1.224990 1
1.639155 1
0.398957 1
3.051678 1
0.681258 2
0.851201 4
1.383030 1
0.417628 1
0.194301 1
0.321755 1
0.108006 1
0.176016 1
0.136025 1
0.156924 1
0.621703 1
0.504466 1
0.113911 1
0.199593 1
1.121036 2
0.002559 63
2.919885 24
3.121656 1
0.524943 1
0.192969 1
0.780049 1
0.873019 1
20.594757 4
10.438412 1
0.271301 1
0.529301 1
0.235689 1
0.202420 1
0.307629 1
0.305309 1
1.278429 1
0.298265 1
0.783751 1
0.218691 1
10.401144 2
0.001518 63
74.117533 1
0.862939 1
0.211094 1
0.227918 1
1.445766 1
0.455224 1
0.298180 1
0.512291 1
0.120717 1
0.250910 1
14.057113 4
0.500117 4
0.204864 4
0.183882 4
0.370308 4
0.619879 1
0.511610 1
0.153890 1
0.428265 1
0.381637 1
2.355365 1
0.316483 1
0.166479 1
1.096639 1
0.454092 1
0.433474 1
0.414200 1
0.265303 1
3.777735 1
2.059075 1
0.557372 1
0.138264 1
0.450715 1
0.238823 1
0.221355 1
0.302329 1
1.710117 1
0.276362 1
0.310703 1
0.871396 2
0.039699 63
4.291521 1
0.181210 1
0.260490 1
0.323904 1
0.691842 1
0.530433 1
0.276498 1
0.349720 1
0.241332 1
0.561832 1
1.029600 1
0.194641 1
0.562201 1
0.612812 1
0.127250 1
0.259322 1
0.136016 1
0.319718 1
0.120038 1
0.226071 1
0.648978 1
0.186035 1
0.212292 1
0.328911 1
0.420000 1
1.594770 1
0.555092 1
0.285184 1
0.336700 1
0.244262 1
0.290962 1
0.374183 1
0.736603 1
0.266433 1
0.436715 1
0.900167 2
0.046905 63
0.870707 35
0.854815 1
0.499553 1
0.083022 1
0.085452 1
0.084230 1
0.082755 1
0.083894 1
0.084142 1
0.083737 1
0.083950 1
0.083088 1
0.085414 1
0.083295 1
0.084228 1
0.083305 1
0.083763 1
0.082700 1
0.084594 1
0.083521 1
0.084076 1
0.084084 1
0.083490 1
0.582987 1
0.374779 51
0.215430 51
0.228391 51
1.682094 47
0.312781 47
0.481215 47
1.666234 49
0.660193 47
0.160066 47
0.863662 47
3.406955 49
0.301159 47
0.115066 47
0.265840 47
0.317510 47
2.029776 47
0.491713 47
0.606275 47
0.413768 47
0.280974 47
0.242073 47
0.195378 47
0.252540 47
8.626479 47
0.127500 47
0.421242 47
6.408790 2
0.015934 47
0.000084 2
0.002592 63
15.639108 55
0.470739 1
0.502623 1
0.083279 1
0.084804 1
0.084614 1
0.082836 1
0.083555 1
0.083857 1
0.085427 1
0.083497 1
0.083260 1
0.083676 1
0.085101 1
0.084040 1
0.083928 1
0.083390 1
0.084705 1
0.084630 1
0.082510 1
0.084231 1
0.083939 1
0.082229 1
0.085881 1
0.083487 1
0.799663 3
0.271497 51
0.213164 47
0.503381 2
0.027101 63
7.895915 65
2.125623 1
0.172673 1
0.350355 1
0.280620 1
0.342181 1
0.474729 1
0.714256 1
0.281760 1
0.263846 1
0.349210 1
0.519819 1
0.568657 1
0.397291 1
1.169709 1
0.289152 1
0.488075 1
0.192280 1
0.228606 1
0.299534 1
0.393763 1
0.624286 1
0.645479 1
0.202068 1
0.293804 1
0.191368 1
0.245226 1
0.277867 1
0.319334 1
0.541835 1
0.223359 1
0.656790 1
0.350719 1
0.614178 1
0.260087 1
0.377231 1
0.412975 1
0.312993 1
0.247579 1
0.167681 1
0.389205 1
0.778464 1
0.357965 1
0.270295 1
0.612849 2
0.008906 63
4.639484 1
0.273842 1
0.632544 1
0.274111 1
1.834855 1
0.590884 4
0.147673 4
0.323343 1
0.395432 4
0.380565 1
0.118878 1
0.204060 1
0.173178 1
1.381185 1
0.260595 1
0.826174 1
0.255140 1
1.585636 1
0.189914 1
0.507894 1
0.086741 1
0.264455 1
4.191200 1
0.255441 1
0.210508 1
0.151996 1
0.142778 1
1.784286 1
1.970810 1
0.920089 1
0.178159 1
0.209353 1
0.219709 1
0.229574 1
1.274689 1
0.380280 1
0.746431 1
0.729635 1
0.271680 1
0.185791 1
0.942733 1
3.353860 4
0.168005 4
0.173376 4
0.213843 4
0.837171 4
0.175915 4
1.112568 1
0.147709 1
0.489783 1
0.124793 1
0.127990 1
0.129315 1
0.111060 1
0.405012 1
0.172820 1
0.114224 1
0.247929 1
0.158724 1
0.391277 1
0.642528 1
3.203827 4
0.140383 4
0.473159 1
0.437503 1
0.327936 1
0.274706 1
0.216777 1
0.151185 1
0.411597 1
0.750974 1
0.814290 1
1.316322 1
8.837956 1
0.498435 1
0.084339 1
0.083989 1
0.084173 1
0.084932 1
0.083263 1
0.084145 1
0.083585 1
0.084618 1
0.083296 1
0.085487 1
0.083087 1
0.083330 1
0.085189 1
0.083233 1
0.083156 1
0.085216 1
0.083213 1
0.084372 1
0.084429 1
0.081924 1
0.084810 1
0.085069 1
0.083182 1
0.085208 1
0.082733 1
0.083020 1
0.084819 1
0.247948 1
0.830168 61
1.178071 65
3.156173 2
0.022327 63
1.478753 65
0.766995 1
0.443500 1
0.335959 1
0.371434 1
32.285317 1
0.742036 1
0.170353 1
2.218991 1
0.394227 1
2.078585 1
1.272572 1
0.661975 1
0.399771 1
0.300145 1
0.413940 1
0.266710 1
0.219382 1
0.244514 1
1.645807 1
0.153411 1
0.350749 1
1.209918 1
0.617318 1
0.109098 1
0.259799 1
0.086596 1
0.148350 1
0.084977 1
0.136452 1
0.246400 1
0.163103 1
0.116987 1
0.207218 1
0.274113 2
0.017497 63
2.494176 1
0.338316 1
0.317758 1
0.233126 1
1.010939 1
0.348642 1
0.259099 1
2.028637 1
0.150786 1
0.558341 1
0.366292 1
0.726099 1
0.769508 1
1.409413 1
0.281845 1
0.298886 1
0.554544 1
0.150632 1
0.354285 1
0.110425 1
0.141216 1
0.101896 1
0.122040 1
0.218487 1
0.179852 1
0.082447 1
0.325532 1
0.273701 2
0.005717 63
6.481398 1
0.246852 1
1.765379 1
0.201285 1
0.234367 1
0.100578 1
0.269338 1
0.110949 1
0.185139 1
0.078558 1
0.165922 1
0.419348 1
0.260935 1
0.123951 1
0.390213 1
1.365327 1
0.976339 1
2.545197 1
0.394453 1
0.156295 1
0.222149 1
0.128850 1
0.143193 1
0.118906 1
0.118897 1
0.253004 1
0.161275 1
0.120753 1
0.229053 1
0.339923 1
0.180035 1
1.733920 1
1.022937 1
0.500004 1
0.432711 1
0.630423 1
0.268847 1
0.504133 1
0.278544 1
0.488066 1
1.100847 1
0.046324 1
0.686193 1
1.325755 1
0.308813 1
0.411068 1
5.006728 1
2.204364 1
0.692633 1
0.095843 1
0.649452 1
0.066858 1
0.141529 1
0.087538 1
0.127584 1
0.234934 1
0.156936 1
0.128127 1
0.179714 1
0.227533 2
0.001979 4
0.000080 37
0.000027 2
0.002044 4
0.000144 59
0.000034 2
0.001798 4
0.000066 69
0.000026 2
0.001958 4
0.000083 67
0.000035 2
0.002227 4
0.000076 93
0.000414 2
0.002049 4
0.000077 103
0.000024 2
0.003303 4
0.000135 99
0.000045 2
0.085048 41
30.161097 2
0.010407 80
0.137185 2