0.044760 8
0.000196 112
7.381853 1
0.554874 1
0.449647 1
0.217368 1
0.516008 1
35.490961 1
1.345607 1
0.470089 1
1.337534 1
0.666628 1
0.666372 1
1.165926 1
0.204517 1
0.397816 1
0.509768 1
0.179904 1
0.369794 1
0.232327 1
0.305329 1
0.477006 1
1.502816 1
0.594307 1
0.570817 1
1.793072 11
0.004575 8
0.001712 112
3.245454 23
1.327269 1
0.203493 1
0.160341 1
0.168532 1
0.163877 1
0.164558 1
0.143029 1
0.152975 1
0.891199 5
1.158700 5
0.469933 3
0.238047 3
0.181915 3
0.180223 3
0.394922 3
0.582520 11
0.494984 7
5.442361 11
0.008959 8
0.000159 112
10.601819 1
0.104516 1
2.602417 1
1.561990 1
0.181724 1
0.183902 1
0.428572 1
0.213727 141
12.447948 1
0.297298 1
0.953099 1
0.367562 1
0.800201 1
0.947582 11
0.004140 2
0.000122 2
0.000368 38
0.000200 2
0.000323 2
0.000095 7
0.000254 2
0.000239 16
0.000061 2
0.000285 2
0.000183 12
0.000060 2
0.000388 2
0.000122 7
0.000430 2
0.000084 16
0.000217 2
0.000437 2
0.000257 12
0.000289 2
0.000944 8
0.000093 122
727.322002 1
0.638209 1
0.758687 1
0.991514 1
0.172765 1
0.416935 1
0.260257 1
3.061229 151
18.591885 1
0.322981 1
1.109377 1
0.564587 1
0.223108 1
0.856361 1
1.797387 1
0.250291 1
0.349884 1
1.241500 1
0.426606 1
0.711689 1
0.599138 1
0.455038 1
0.238866 1
195.927041 11
0.021886 4
0.000451 99
0.000181 2
0.008064 112
0.000761 2
0.001161 8
0.000292 132
10.367620 15
34.116118 1
1.019120 1
0.189794 1
0.295937 1
0.496564 1
1.210551 1
0.447704 1
0.381592 1
0.225503 1
0.096158 1
0.519180 11
0.001432 4
0.000303 65
0.000365 56
0.000093 2
0.000674 8
0.000119 132
53.876828 1
0.205234 1
0.240030 1
0.360234 1
0.445346 1
2.805722 1
0.748730 1
0.174818 1
0.239781 1
0.288047 1
0.466519 1
0.364839 1
0.421031 1
0.273011 1
0.171952 1
9.772845 11
0.007499 8
0.000316 132
4.345051 1
0.219594 1
0.343622 1
0.525926 1
0.518083 1
0.310068 1
0.182665 1
0.265806 1
0.381594 11
0.005613 198
3.164291 1
0.283484 1
0.276982 1
0.216168 1
0.168505 1
0.382849 1
0.479417 1
0.166340 161
1.363380 7
1.721849 3
0.438552 1
0.677253 22
0.356392 1
0.245147 1
0.558442 1
0.207667 1
1.007165 13
0.203758 9
1.458448 11
0.001082 8
0.000346 142
6.162577 1
0.124825 1
0.524933 97
8.250755 1
0.106539 1
1.673490 1
1.266352 4
7.529849 30
1.640692 43
1.942077 1
0.498212 1
0.085386 1
0.083154 1
0.084641 1
0.084324 1
0.085096 1
0.083978 1
0.083340 1
0.085942 1
0.082433 1
0.084452 1
0.083979 1
0.084036 1
0.084001 1
0.084476 1
0.084179 1
0.083403 1
0.237977 1
0.194496 1
0.136168 1
0.151460 1
0.707728 5
1.386915 3
0.499569 3
0.084205 3
0.084302 3
0.084307 3
0.083469 3
0.084645 3
0.084887 3
0.082206 3
0.085816 3
0.081781 3
0.083587 3
0.084417 3
0.084100 3
0.084286 3
0.082586 3
0.083497 3
0.083733 3
0.084230 3
0.083520 3
0.084218 3
0.084405 3
1.009939 4
0.936428 1
1.384710 1
0.237249 1
0.619609 1
1.098545 1
2.951051 151
4.614223 1
0.140595 1
0.274069 1
0.514796 1
0.313706 1
1.049094 1
0.811076 1
0.321769 1
0.260027 1
0.346969 1
13.428309 4
0.500681 4
0.083036 4
0.083468 4
0.084305 4
0.084387 4
0.084231 4
0.082643 4
0.082910 4
0.085355 4
0.083410 1
0.082309 1
0.083243 1
0.084706 1
0.084062 1
0.083302 1
0.083280 1
3.148036 1
0.289536 1
0.141777 1
0.711356 1
0.239687 1
0.299100 1
0.792184 1
0.899348 1
0.464369 209
2.407399 1
0.250726 1
0.342839 1
0.540648 1
0.201003 1
0.635125 1
0.217613 1
0.356229 161
3.021570 1
0.226232 1
0.305397 1
0.429925 1
0.355637 1
0.261423 1
0.571772 1
0.146470 1
0.300792 1
1.527229 1
0.287638 1
0.305047 1
0.307746 1
0.280042 1
0.585955 1
2.841196 11
0.004285 8
0.001587 142
5.805643 1
0.150883 1
0.202927 22
0.000673 8
0.000399 142
5.462205 1
0.137606 1
0.932114 1
0.854247 1
0.249398 1
0.281847 1
0.534518 1
0.152621 233
2.872288 1
0.083752 1
0.449461 97
11.805890 1
0.225512 1
0.686019 1
0.267169 35
1.943237 203
3.426750 1
0.209621 1
0.239151 1
0.399823 1
0.334562 1
4.216929 1
0.736257 1
0.752562 1
1.096333 1
0.241819 1
0.314080 1
0.317967 1
1.005882 1
0.301363 1
0.183689 1
0.464198 11
0.000565 8
0.000379 132
3.725438 1
1.184154 4
2.935411 1
0.155535 1
57.189423 4
0.138890 4
0.128829 1
0.448709 1
1.171572 1
0.623765 1
0.254045 1
0.504879 1
0.460045 70
0.000477 8
0.000334 132
5.263275 1
0.159130 1
7.565092 1
0.358305 30
0.520140 282
1.992149 1
0.103187 1
0.172008 97
0.848155 2
2.642528 22
1.899397 141
2.615644 1
0.280890 1
0.143101 1
0.475828 1
0.512839 1
0.445013 189
0.000562 8
0.000157 122
531.796744 2
0.264745 2
0.862931 1
0.682499 4
0.147051 4
1.220821 4
0.470691 1
0.211861 1
0.299595 1
0.106641 1
0.792320 1
0.550850 1
0.320117 1
0.179906 1
0.285793 214
1.843385 8
0.457023 1
0.198913 1
0.268277 1
0.392694 1
0.327875 13
0.306100 213
14.932165 1
0.135395 1
0.465994 97
2.872234 1
0.162090 1
0.162518 1
0.529751 1
0.230095 1
0.250114 1
0.107180 1
0.202746 1
0.093651 1
0.135565 1
0.405587 1
1.084386 1
1.748266 1
0.764544 1
0.795110 1
1.670037 1
0.524999 1
0.379765 1
0.150092 1
7.247100 181
1.797100 1
0.932700 19
0.446494 4
0.195054 4
0.155710 4
0.340145 4
0.536898 1
0.347267 1
0.432161 1
0.415182 1
0.523490 131
16.317186 1
0.247784 1
1.230145 1
0.342889 1
0.170521 1
0.453499 1
0.613724 1
1.093305 1
5.159547 1
0.234775 1
0.498842 1
0.359285 1
9.053073 1
10.366546 4
0.202946 4
0.197326 4
1.166309 1
0.263585 1
0.371938 1
1.061673 1
0.279546 1
0.224859 1
0.958133 1
5.907909 1
0.181177 1
0.150849 1
0.149378 1
0.130347 1
0.894505 15
0.287159 11
0.329901 3
0.205001 3
0.130284 3
0.153272 3
0.165755 3
0.701682 4
0.626210 1
158.391335 1
0.195957 1
0.151257 1
0.156765 1
0.150973 1
0.836973 15
0.397456 11
0.486719 3
0.500993 3
0.085981 3
0.082872 3
0.083636 3
0.085016 1
0.407676 4
0.194618 4
0.160056 4
0.149062 4
6.771687 1
0.370507 1
0.688815 1
0.279694 1
0.722930 4
0.141105 4
0.503001 1
0.385925 1
2.453166 1
0.880496 1
0.719701 1
0.333455 1
0.227216 1
15.836981 1
0.442471 1
0.214170 1
0.201660 1
0.426219 1
0.703151 4
0.238523 1
4.061655 11
0.011517 4
0.000308 74
0.000460 56
0.000099 2
0.000939 8
0.000139 112
49.959974 27
0.509343 1
0.200328 1
0.151453 1
0.161770 1
0.157607 1
0.169263 1
0.135409 1
0.134805 1
0.141604 1
0.133544 1
0.148055 1
0.147558 1
0.158330 1
0.456218 1
1.136025 5
1.411638 5
0.331359 5
0.344212 5
0.292622 5
9.492798 3
0.234393 3
0.154231 3
0.133804 3
0.141902 3
0.141692 3
0.140679 3
0.166634 3
0.131305 3
0.160975 3
0.151661 3
0.162101 3
0.156122 3
0.315211 3
0.560528 4
0.203143 1
0.234720 11
0.000603 8
0.000135 112
30.637277 1
0.372977 1
0.859977 1
0.261593 1
0.427225 1
0.077993 1
0.505721 749
0.000497 8
0.000349 112
7.306048 1
0.367033 1
0.209227 1
0.242201 1
0.198039 1
0.256592 1
0.593986 1
0.389961 4
0.150154 1
0.414662 141
1.098760 7
0.621789 17
0.383800 345
0.000616 8
0.000194 122
6.123823 1
0.535089 1
0.310135 1
0.176673 1
1.588799 1
0.534462 82
0.000485 8
0.000130 122
13.283255 1
0.118283 1
0.818461 1
1.129636 1
0.153394 1
0.549248 1
0.377285 131
5.499269 1
0.574147 1
12.048092 1
0.626402 1
0.165019 1
0.227664 1
0.384003 1
0.311999 1
1.806709 1
0.351326 1
0.361251 1
1.755896 1
0.384663 1
1.146823 1
0.499478 1
0.317909 1
0.578345 1
1.113584 1
8.945792 1
0.184093 1
0.216118 1
0.681554 1
5.048438 1
0.823595 1
1.149425 1
0.391541 1
0.400744 1
44.496443 1
1.050068 1
0.293566 1
0.338500 1
0.509715 1
0.362722 11
0.000608 8
0.000180 112
24.038761 1
0.061806 1
0.820383 1
0.871700 1
0.152846 1
0.478176 1
0.632635 1
0.775253 141
1.310395 1
0.262444 1
0.273972 1
0.407618 1
0.399125 1
0.390916 200
0.000546 8
0.000158 122
11.256490 1
0.273751 1
0.358166 1
0.186079 1
0.127907 1
0.639709 1
0.330272 131
2.132815 1
0.389057 1
0.229216 1
0.153516 1
0.171418 1
15.721605 1
0.942216 1
0.548908 1
0.098780 1
0.303392 1
0.938631 1
2.052045 1
0.454986 1
0.370929 1
0.317156 1
0.180959 1
21.461268 1
0.961362 7
0.352716 3
0.344705 3
1.023895 1
0.210671 1
0.230514 1
0.491906 1
1.288660 1
1.469438 1
0.132583 1
0.186992 1
0.158194 1
0.419790 1
2.004527 4
0.950531 1
0.325908 1
0.435544 1
0.235284 1
0.160105 1
0.431706 1
20.113086 1
0.464381 1
0.738876 1
0.354672 1
1.625325 1
0.987445 1
0.203741 1
0.255626 1
0.301076 1
0.422005 4
0.109016 1
0.218505 11
0.001000 8
0.000174 112
7.662946 1
0.126057 1
0.293312 1
0.384454 1
0.328797 1
0.186748 1
0.268921 1
0.890181 141
1.036870 1
0.885311 1
0.448369 1
0.216853 1
0.481699 1
0.611191 226
0.000586 8
0.000158 122
154.434420 1
14.501536 1
0.306586 1
0.148248 1
0.907489 1
0.608067 1
0.149580 1
0.284151 1
1.316037 1
0.275765 1
0.936450 1
0.262075 1
1.477381 1
0.151264 1
0.320515 11
0.009892 8
0.000230 122
2.140704 1
0.286535 1
0.762406 1
0.792415 1
0.164631 1
0.189389 1
0.283016 1
0.249208 1
0.258878 1
2.426005 1
1.406334 1
0.201808 1
0.845825 11
0.070825 39
0.000237 26
0.000116 7
0.003235 49
0.000281 17
0.000773 2047
0.000589 624
6.412093 226
39.459647 1
0.198821 1
0.187212 1
0.372629 1
0.178839 1
0.494701 1
0.406242 1
0.765230 4
3.080998 1
3.961872 151
2.493363 7
0.620719 19
0.603333 21
0.946278 12
0.658939 47
0.506608 49
0.612027 15
0.480628 12
0.602867 16
0.161036 11
0.126741 46
0.168199 50
0.149257 16
0.149945 17
0.199172 23
0.278731 10
0.391963 1
0.633083 1
0.185898 1
0.276403 1
0.654097 1
0.477813 1
0.203352 1
0.273097 1
0.509391 1
0.211026 1
0.289981 1
0.759189 4
0.272457 1
0.364826 1
0.141083 1
0.088683 1
0.609176 11
0.002916 5
0.000213 9
0.001526 56
0.000145 2
0.001020 8
0.000241 132
5.344177 1
0.472299 1
0.748205 1
0.527947 1
0.087825 1
0.248126 1
0.692282 1
0.243519 1
0.720927 1
0.465364 1
0.704728 4
0.354138 1
0.142989 1
0.107930 1
0.305690 11
0.001529 39
0.000133 26
0.000214 7
0.000778 60
0.000441 2047
0.000396 624
3.799486 236
91.935520 1
0.216517 1
0.404143 1
0.301013 1
0.671141 1
0.073697 1
0.748108 4
0.128723 1
0.590611 11
0.002851 13
0.000557 2
0.000313 79
0.000354 2
0.000083 76
0.000136 2
0.000067 78
0.000050 2
0.000058 129
0.000050 2
0.000057 71
0.000049 2
0.001439 8
0.000487 132
10.939809 1
0.286465 1
0.311653 1
0.258206 1
0.244628 1
0.380327 1
0.007381 1
0.549721 4
1.669224 1
1.152831 1
0.126025 1
0.238716 1
0.288092 1
0.415542 1
0.768218 1
0.414280 1
0.377648 1
0.150120 1
1.329633 11
0.008560 8
0.000515 132
1.595950 1
0.284748 1
0.711500 1
0.340301 1
0.273052 1
0.076574 1
0.196766 338
0.000695 8
0.000457 132
26.794570 1
0.195655 1
0.177907 1
0.200895 1
0.020079 1
0.482256 4
0.220663 4
0.484398 1
0.322748 1
0.342943 1
1.879201 1
2.794831 1
0.093738 1
0.231624 1
0.218326 1
0.419152 1
5.996975 4
0.409736 1
0.444703 1
0.197262 1
0.261168 1
0.123403 1
2.402936 79
0.000701 56
0.000316 2
0.000653 8
0.000120 132
4.158757 1
0.220752 1
0.335917 1
1.365488 4
0.271882 1
0.168583 1
0.323953 1
0.996551 1
0.802333 1
0.157650 1
0.315596 1
1.770875 4
0.500530 4
0.084522 4
0.084457 4
0.084064 4
0.081934 4
0.085510 4
0.084245 4
0.083233 4
0.086679 1
0.080854 1
0.082730 1
1.315720 1
0.858405 1
0.167673 1
0.555727 1
0.649381 1
0.205228 1
0.480441 141
3.791472 1
0.188431 1
0.293799 1
0.375736 1
0.587755 1
0.706138 1
0.633574 1
0.120819 1
0.365809 1
0.561222 1
1.483231 11
0.014894 8
0.000211 122
2.776630 1
0.346912 1
0.738823 1
0.406378 1
0.903435 1
0.306666 11
0.001478 2
0.000337 2
0.000613 31
0.000151 2
0.000329 2
0.000333 7
0.000076 2
0.000298 27
0.000065 2
0.000195 2
0.000761 12
0.000074 2
0.000473 9
0.000195 2
0.000973 8
0.000135 122
9.787823 1
0.225499 1
0.295509 1
0.235551 1
0.218046 1
0.452716 1
1.125989 61
0.037685 8
0.000672 122
5.281295 1
0.414842 1
0.376151 1
0.235257 1
0.180228 17
0.010938 14
0.000956 130
0.643748 1
0.553669 1
0.271947 1
0.336859 1
0.129784 200
10.020852 1
0.300960 1
0.853803 1
0.137385 1
0.142482 17
0.001075 2875
0.000169 6
0.000595 39
0.000446 1976
0.000547 738
0.000327 25
0.000082 23
0.000086 31
0.000748 30
0.000227 7
