0.026047 8
0.000350 78
12.076452 1
0.611695 1
0.198235 1
0.192345 1
0.427287 4095
0.000214 75
25.757252 1
0.197203 1
0.402458 393
0.000437 8
0.000111 78
11.775523 1
1.338882 1
1.065011 1
0.570659 1
1.277272 1
0.708438 1
2.282989 4
1.700598 4
0.150539 4
0.223357 4
0.131004 4
0.128497 4
0.225944 4
0.208533 3
0.308938 4
0.107344 4
0.210731 4
0.132470 4
0.627728 145
14.056832 1
0.716292 1
0.397493 1
4.640870 190
3.965321 1
0.368269 1
0.489587 1
0.157289 1
0.368115 1
8.652089 1
0.827382 1
0.372143 1
0.467777 1
0.530732 11
0.000769 8
0.000310 126
6.603473 1
0.712656 1
0.572946 1
0.182655 1
0.732401 1
2.868143 1
1.054693 1
0.201551 1
0.822269 1
0.259793 11
0.000478 8
0.003590 126
2.207346 1
0.939967 1
6.979598 4
0.182326 4
0.171987 1
2.098274 1
0.133774 1
0.309774 1
0.510398 1
0.353742 1
0.880010 1
0.565460 1
0.331524 1
0.420025 1
0.258100 1
0.215789 1
0.844131 11
0.002173 8
0.000379 126
2.009335 1
0.322877 1
1.351303 1
0.604459 1
0.215992 1
0.679645 1
0.292384 1
0.210883 1
0.819960 11
0.138147 38
0.000232 2
0.017174 8
0.000274 126
3.689821 1
0.475863 1
0.578694 1
0.613506 1
0.297951 1
0.351108 1
0.270674 1
0.155121 1
1.651407 11
0.004233 8
0.000425 126
1.121948 1
0.368944 1
0.290302 1
0.636673 1
0.819674 1
0.989847 1
0.316246 1
4.534447 904
19.451634 1
0.371907 1
0.170181 1
0.489302 1
0.284973 17
