0.477319 63
38.455254 1
0.313135 1
0.488315 1
0.173365 1
0.402316 1
0.144111 1
0.228300 1
0.335760 1
0.250504 1
0.257761 1
0.162640 1
0.138733 1
0.116537 1
0.466534 1
0.184655 1
0.174580 1
0.240034 1
0.849189 2
0.007445 63
3.078227 1
0.162020 1
0.243925 1
1.410412 2
0.005807 5
0.000418 9
0.000065 2
0.000572 25
0.000078 2
0.001604 22
0.000377 2
0.000034 22
0.000055 2
0.000367 22
0.000034 2
0.000405 22
0.000028 2
0.000024 31
0.000019 2
0.000020 22
0.000019 2
0.000021 22
0.000020 2
0.000410 22
0.000071 2
0.002111 63
1.616551 1
0.118103 1
0.379238 1
0.293868 1
0.355010 2
0.001359 28
0.000113 2
0.001292 63
1.682310 1
0.421707 1
0.132639 1
0.470034 2
0.003943 34
0.000279 2
0.000086 39
0.000381 2
0.000840 51
0.000080 2
0.001224 63
1.301826 1
0.311490 1
0.408531 1
0.203627 1
0.127591 1
0.252804 1
1.035150 4
0.175613 4
0.813417 1
0.681927 1
1.176402 2
0.004674 2
0.000205 2
0.002190 63
39.260482 1
0.281111 1
0.441482 1
1.764501 1
0.331517 1
0.584675 4
0.384783 1
0.842027 1
0.570974 1
0.154513 1
0.183379 1
0.309669 1
0.526108 1
0.091610 1
0.572284 1
6.123396 1
0.409005 1
0.264194 1
0.234793 1
2.110790 1
1.197199 4
1.529237 1
0.444919 1
0.364067 1
0.126663 1
14.297414 4
0.497253 4
0.084510 4
0.085151 4
0.082018 4
0.084230 4
0.084291 4
0.084346 4
0.083147 4
0.085835 4
0.081169 4
0.084337 4
0.083511 4
0.085268 4
0.082727 4
0.082828 4
0.084714 4
0.083536 4
0.083115 4
0.084145 4
0.082615 4
0.084650 1
0.082191 1
0.086093 1
0.083483 1
0.083449 1
0.083997 1
16.480057 1
0.498990 1
1.913463 1
0.119710 1
0.260159 1
0.171206 1
0.169669 1
0.137108 1
0.113356 1
0.285008 1
0.185590 1
0.112000 1
0.424949 1
1.131876 1
0.438899 1
0.084061 1
0.084219 1
0.084341 1
0.082956 1
0.084116 1
0.083969 1
0.084112 1
0.086683 1
0.081836 1
0.436742 23
0.278367 89
2.157994 1
0.227307 1
0.747469 1
0.691380 1
0.722214 1
0.839807 1
0.363365 1
0.182995 1
0.184826 1
0.236293 1
0.330946 1
0.179423 1
27.530279 1
0.832226 1
0.284282 1
0.383148 1
0.872299 1
1.576389 4
0.389170 1
1.866335 1
0.336831 1
0.629745 1
0.197962 1
6.180818 2
0.003146 20
0.000097 2
0.000824 87
2.619530 1
0.401448 1
0.558272 1
0.723148 1
0.716461 1
0.386529 1
0.264171 1
0.394973 1
0.701920 1
1.224538 1
0.750176 1
0.099878 1
0.247120 2
0.001008 20
0.000075 2
0.000962 87
7.108359 1
0.488935 1
0.510952 1
0.559558 1
0.536868 1
0.363213 1
0.194538 1
0.412113 1
0.347976 1
0.293496 1
0.068655 1
1.716006 2
0.028199 15
0.001382 71
0.000378 22
0.000505 1951
1.815403 1
1.723957 1
0.105082 1
4.020495 1
0.286776 1
3.011802 159
11.823337 1
0.214658 1
0.854392 1
0.947701 1
0.341395 1
0.414072 1
0.249549 1
2.161349 1
0.954634 1
0.311693 1
0.132201 1
0.425558 1
7.136632 1
0.477486 1
0.388953 1
0.709629 1
0.632641 1
0.336689 1
0.612684 1
0.199270 1
0.111616 1
1.293813 2
0.002557 87
2.015027 1
0.289282 1
0.324719 1
0.600909 1
0.329276 120
47.698673 1
0.226483 1
0.484738 65
192.373880 1
0.124645 1
0.140063 1
0.486911 1
0.523475 1
0.129485 1
0.361809 1
0.163231 1
1.273073 1
0.144525 1
0.150286 1
0.288624 1
0.196610 1
0.216941 1
0.342944 1
0.701147 1
0.360350 1
0.341871 1
0.946030 1
0.429522 1
0.433521 1
0.208466 1
1.333021 1
0.680440 1
0.517739 1
0.393446 1
0.696042 1
0.136802 1
0.236047 1
0.200984 1
0.196412 1
0.339805 1
0.404323 2
0.065687 41
2.791231 2
0.213055 622
0.053662 8
0.002002 78
3.450032 1
0.372926 1
0.847057 1
0.181122 1
0.298337 1
0.386842 1
0.909177 1
0.499121 1
0.378275 4
0.178802 1
0.222192 1
0.655429 1
0.398427 1
2.192732 1
1.198167 1
0.212108 1
0.261996 1
0.389444 1
0.213164 1
0.150897 1
0.145046 1
0.369931 1
0.201935 1
0.321597 1
0.225929 1
1.537726 1
0.343591 1
0.255949 1
1.515791 1
0.572416 1
1.802545 1
0.687936 1
0.792920 1
0.122538 1
0.333503 1
0.508388 1
0.632994 1
0.252192 1
0.783726 1
0.532121 1
1.116290 1
0.268581 1
0.317350 1
0.103458 1
0.178010 1
0.160837 1
0.161581 1
0.309109 1
0.193359 1
0.252319 1
0.524346 1
0.529397 1
0.277277 1
0.500722 1
1.090822 11
0.006222 98
0.000358 2
0.039477 86
374.351961 21
1.116743 26
0.381636 49
0.472264 140
0.330946 90
0.472214 57
0.216988 70
0.136754 78
0.176163 23
0.220362 24
0.356227 1
0.437966 1
0.308029 21
0.188032 26
0.176306 49
0.175334 140
0.190877 90
0.170510 59
0.178314 69
0.258479 217
0.546365 94
0.427352 175
6.604785 111
0.018805 86
4.347577 1
0.185226 1
0.249297 1
0.130519 1
0.688554 1
0.068081 1
0.159709 1
0.290349 1
0.412042 1
0.754125 1
0.658278 1
0.135415 1
0.786401 1
1.478420 1
1.510805 1
0.163547 1
0.381556 1
19.228318 4
0.107358 4
0.141697 4
0.166311 4
0.151033 4
0.158232 4
0.145836 4
10.398058 42
5.364409 67
0.986722 1
0.286810 1
0.305745 1
0.268330 11
0.084214 41
1.102224 84
0.000409 41
0.003130 82
0.002410 247
0.002852 48
0.003403 88
0.000809 129
0.000582 43
0.002318 51
0.000470 64
0.002343 2
0.031316 49
0.001284 49
0.002696 49
0.000935 49
0.002412 49
0.000208 49
0.000438 49
0.002863 49
0.000461 99
0.007566 66
0.022569 86
41.465709 1
0.424553 1
0.194907 1
0.253645 1
0.172001 17
0.011521 14
0.001340 86
1.772063 52
6.482562 111
0.021322 86
3.524782 1
0.530509 1
0.370155 1
0.158887 1
0.385591 1
0.768759 1
1.165739 1
0.168950 1
0.573895 1
0.480613 1
0.579702 1
3.787347 1
0.158367 1
0.313328 1
0.208715 1
0.167912 1
0.243068 1
0.681723 11
0.002157 8
0.001578 78
0.956143 1
0.474427 1
0.190345 1
0.261527 1
0.111983 1
0.266501 1
0.113054 1
0.177993 1
0.118590 1
0.157065 1
0.570718 1
0.224174 1
0.167051 1
0.253762 1
0.202949 121
0.620625 14
0.363487 59
0.377292 24
0.558393 51
1.377635 11
0.002276 41
0.734004 84
0.002096 635
0.000187 43
0.001099 49
0.000253 66
0.000655 2
0.001546 98
0.000310 147
0.000731 49
0.000299 147
0.000200 50
0.001096 64
0.000062 2
0.010556 110
202.104172 1
0.278376 1
0.455648 1
3.345899 4
0.173232 4
0.288073 4
0.185422 1
0.516126 1
0.350723 1
0.247395 97
1.444561 1
0.230845 1
0.391550 1
2.281646 1
2.025058 1
0.242479 1
0.310703 1
0.276748 1
0.128147 1
0.268324 1
1.130445 1
0.909567 1
1.668593 1
0.123889 1
0.544398 1
0.139259 1
0.486523 1
0.118094 1
0.139378 1
0.305817 1
0.177368 1
0.158174 1
0.462124 1
0.982600 1
0.522011 1
1.176496 1
0.892467 1
0.837446 4
0.303059 1
0.854438 1
0.265288 1
0.228316 1
52.525150 1
0.499755 1
0.081911 1
0.083158 1
0.083920 1
0.082864 1
0.084739 1
0.083217 1
0.083977 1
0.086175 1
0.080334 1
0.084223 1
0.084263 1
0.083095 1
0.084998 1
0.083496 1
0.083231 1
0.084143 1
0.084476 1
0.082601 1
0.085220 1
0.081836 1
0.084013 1
0.086131 1
0.082414 1
0.567148 1
2.911762 53
0.126427 53
0.314375 53
0.187269 53
0.717193 53
0.284144 53
0.215894 53
0.718915 53
0.187747 53
0.318686 53
0.488293 53
0.794291 53
2.138210 3
0.498631 3
0.084332 3
0.084018 3
0.082920 3
0.084830 3
0.083760 3
0.084646 3
0.083760 3
0.086612 3
0.081672 3
0.083135 3
0.085664 3
0.082691 3
0.084596 3
0.083615 3
0.084602 3
0.084020 3
0.083155 3
0.084358 3
0.083577 3
0.083172 3
0.083399 3
0.086622 3
0.079579 3
0.084615 3
0.084001 1
2.030735 1
6.253589 4
0.498819 4
0.084348 4
0.083317 4
0.083125 4
0.084234 4
0.082541 4
0.085266 4
0.083262 4
0.086227 4
0.081983 4
0.083472 4
0.084161 4
0.083849 4
0.083789 4
0.083701 4
0.083979 4
0.083161 4
0.083437 4
0.083738 4
0.084284 4
0.083047 4
0.082894 4
0.086845 4
0.082236 4
0.083867 4
0.083675 4
0.084562 4
0.083205 4
0.083020 4
0.082797 4
0.085071 4
0.083690 4
0.084155 4
0.084509 4
0.083428 4
0.083183 4
0.085213 4
0.082076 4
0.084989 4
0.082089 4
0.084812 4
0.083291 4
0.082706 1
0.082743 1
0.085203 1
0.449028 1
0.152806 1
0.144923 1
2.312614 1
1.815464 1
0.415199 1
2.177414 1
1.651980 1
0.301717 1
0.153075 1
0.655453 1
0.311881 1
0.421330 1
0.352378 1
0.422245 1
0.630179 1
0.217136 1
0.291676 1
0.492013 1
0.172186 1
0.092562 1
0.470026 11
0.086442 31
7.455998 2
0.074096 2
0.000652 73
0.002370 117
0.001111 71
0.000804 28
0.001391 61
0.072564 2
0.004687 81
0.005447 100
0.063081 63
5.284283 1
0.259142 1
0.243115 1
1.098003 1
0.982774 1
0.122445 1
0.243758 1
0.137213 1
0.201933 1
0.107392 1
0.134301 1
0.286981 1
0.169170 1
0.166314 1
0.434491 1
0.815595 1
1.334430 1
0.310785 1
0.319750 1
0.201657 1
0.221876 1
1.302876 1
0.563077 1
0.572879 1
0.909551 1
0.163502 1
0.309332 1
0.144692 1
0.158325 1
0.119624 1
0.107142 1
0.266734 1
0.179316 1
0.160371 1
0.425084 1
1.113296 1
0.407831 1
0.836660 1
2.582500 1
0.379881 1
0.320581 1
0.381314 1
0.372529 1
0.645269 1
0.138000 1
0.953059 1
0.224184 1
0.608498 1
0.604059 1
0.209813 1
