0.037683 8
0.000219 78
19.290411 97
1.209272 1
0.046088 1
0.193723 1
0.364405 1
0.340274 1
0.348173 1
0.242895 1
1.418198 1
0.594458 1
0.440113 1
0.311383 1
0.462539 1
0.134840 1
0.358646 1
0.391384 1
0.631561 1
0.570037 1
0.443954 1
0.293408 1
0.134757 1
0.706645 1
1.166019 1
1.161323 4
0.846125 1
0.926351 1
0.294086 1
0.424388 1
0.179225 1
0.601195 1
0.112645 1
0.270810 1
0.153788 1
0.087372 1
0.160383 1
9.494394 4
0.499545 4
0.084712 4
0.084382 4
0.083014 4
0.084027 4
0.083768 4
0.086115 4
0.082566 4
0.084328 4
0.297847 4
0.435405 1
0.216559 1
0.198237 1
0.127525 1
0.135920 1
0.113297 1
0.121591 1
0.234319 1
0.155348 1
0.256774 1
0.267137 1
4.380584 11
0.006250 12
0.000197 2
0.000551 38
0.000162 2
0.004979 22
0.000156 2
0.001469 21
0.001282 2
0.001381 32
0.000082 2
0.000937 20
0.001107 2
0.002329 21
0.000205 2
0.002209 16
0.000126 2
0.000431 38
0.000504 2
0.002945 29
0.000137 2
0.001544 36
0.000755 2
0.000384 40
0.001996 2
0.000443 33
0.000701 2
0.001815 27
0.000277 2
0.000427 33
0.000265 2
0.001141 59
0.000630 2
0.000568 59
0.000307 2
0.000611 33
0.000083 2
0.000082 55
0.000143 2
0.003155 53
0.000472 2
0.000355 50
0.000536 2
0.000797 52
0.000452 2
0.003078 33
0.000074 2
0.000522 54
0.000089 2
0.000188 57
0.000288 2
0.002003 57
0.000072 2
0.001487 54
0.000458 2
0.000727 33
0.000452 2
0.000094 58
0.000162 2
0.056718 59
0.000233 2
0.002856 41
0.000187 2
0.002238 60
0.000101 2
0.001358 41
0.001721 2
0.002259 41
0.000142 2
0.002157 52
0.000080 2
0.007385 42
0.000301 2
0.001323 32
0.001118 2
0.000850 41
0.000938 2
0.000451 42
0.000179 2
0.000535 42
0.000154 2
0.002710 37
0.000105 2
0.000680 46
0.000130 2
0.000666 42
0.001928 2
0.000376 51
0.000202 2
0.001330 41
0.000302 2
0.002056 41
0.000199 2
0.000231 33
0.000085 2
0.000325 52
0.000291 2
0.000378 55
0.000087 2
0.002680 8
0.000122 78
5.404648 97
1.590736 1
0.516780 1
0.109172 1
0.242980 1
0.545422 1
0.511351 1
0.419576 1
0.300828 1
0.356125 1
0.410898 1
0.661954 1
0.340561 1
0.322303 1
0.299357 1
0.374333 1
0.277583 1
0.127990 11
0.604084 8
0.000279 78
4.639150 1
0.250561 1
0.277875 1
0.270244 1
1.021529 1
0.413902 1
0.223664 1
0.296474 1
0.696876 1
0.479333 1
0.248257 1
0.274151 1
0.337161 1
0.246529 1
0.279316 1
0.485515 1
0.552482 1
0.397213 1
0.253375 1
0.206809 1
0.633748 1
1.131559 4
0.834102 1
0.400990 1
0.420422 1
0.323394 4
0.121238 1
1.235715 4
0.387616 1
1.360626 1
0.597975 1
0.371854 1
0.698891 1
0.496940 1
0.344226 1
0.233519 1
0.332822 1
0.193911 1
1.229547 1
0.319566 1
0.434497 1
0.390841 1
0.269786 1
0.435520 1
0.305343 1
0.095701 1
0.118917 1
1.005843 11
0.038788 42
5.257068 2
0.106119 4
0.000322 67
0.001096 56
0.000233 2
0.008903 8
0.000316 78
2.820106 41
3.353059 1
1.479027 1
0.124945 1
0.258526 1
0.096193 1
0.146148 1
0.106227 1
0.132854 1
0.216820 1
0.163339 1
0.171072 1
0.231870 1
0.164019 1
0.222826 11
0.141732 1
0.000542 30
6.153032 2
0.075574 41
0.000404 2
0.007045 8
0.000248 78
2.713179 54
7.252462 1
0.496742 1
0.083880 1
0.084385 1
0.083288 1
0.084260 1
0.083737 1
0.083285 1
0.084753 1
0.087165 1
0.082213 1
0.083231 1
0.084021 1
0.083968 1
0.082604 1
0.085860 1
0.082073 1
0.084062 1
0.084781 1
0.083954 1
0.084325 1
0.084361 1
0.084150 1
0.085795 1
0.082862 1
0.084932 1
0.081542 1
0.084504 1
0.083582 1
0.084857 1
0.083339 1
0.083749 1
0.083979 1
0.083977 1
0.082848 1
0.084552 1
0.084565 1
0.265615 1
0.222723 1
0.639875 3
0.262860 5
0.466362 5
1.005373 11
0.138303 1
0.000537 30
4.556964 2
0.086905 105
0.058072 105
0.000375 2
0.013484 8
0.001317 78
65.051809 1
0.288030 1
0.165978 1
0.214487 1
0.278446 17
