0.033028 8
0.000263 78
169.293509 1
0.091287 1
0.823868 1
0.242899 1
0.169001 1
0.230526 1
0.099998 1
0.133120 1
0.090770 1
0.124056 1
0.246703 1
0.159877 1
0.197805 1
0.236868 1
0.184146 1
1.001318 1
0.202145 1
0.621124 1
0.477452 1
2.348949 181
2.871489 1
0.836105 19
0.361185 4
0.139563 4
0.147232 4
0.237950 4
0.555123 1
0.147666 1
0.296382 1
0.342761 1
0.405417 1
0.090408 1
0.164273 1
0.398795 1
0.452522 4
0.262281 1
0.447068 1
0.377034 1
0.158967 1
0.217146 1
0.131028 1
0.386815 1
0.370693 1
0.747837 1
0.129469 1
0.194129 1
0.357430 1
0.161459 161
12.426248 1
0.964915 1
0.124460 1
0.230398 1
1.063706 1
0.237803 1
0.700000 1
0.341489 1
0.557829 1
0.177712 1
0.225317 1
0.497868 1
0.398867 1
1.713566 1
0.405155 1
0.184337 1
0.151747 1
0.447392 1
1.336088 1
1.246938 1
0.274713 1
0.212138 1
0.279061 1
1.092712 3
0.090818 1
0.168343 1
0.764063 1
0.678239 1
0.605279 1
0.230819 11
0.003984 8
0.000134 142
28.829485 1
0.794422 1
0.244968 1
0.353157 1
0.368835 1
0.676023 1
0.402009 1
0.160355 1
0.201453 1
0.144602 1
1.511213 1
0.402378 1
1.983261 1
0.365379 1
0.289799 1
0.396651 11
0.012290 8
0.000141 142
2.827436 15
1.043923 44
3.473631 1
0.498681 1
0.083474 1
0.084014 1
0.084572 1
0.083731 240
0.083348 1
0.085513 1
0.082992 1
0.086761 1
0.080975 1
0.084176 1
0.083877 1
0.083584 1
0.083793 1
0.082320 1
0.403408 203
0.658707 202
1.218983 366
0.002969 366
0.013910 366
0.021584 197
0.003590 191
0.009386 191
0.012248 191
0.002582 191
0.014893 191
0.017169 191
0.016006 191
0.026666 191
0.037769 191
0.056531 191
0.065136 191
0.331872 191
2.041683 3
0.499354 3
0.086313 3
0.083317 3
0.083708 3
0.084006 3
0.082538 3
0.082825 3
0.085939 3
0.082386 3
0.086295 3
1.009382 3
1.245261 9
0.683785 13
0.703688 3
0.225159 7
1.758830 11
0.007877 8
0.000378 142
6.376575 161
0.830379 1
0.359287 1
0.273500 1
0.530572 1
0.683274 1
0.429977 1
0.193422 1
0.299102 1
0.291309 1
0.911388 1
0.201516 1
0.796728 1
0.545722 1
0.973908 1
0.723273 1
0.550304 1
0.522266 1
0.774049 1
0.152809 1
0.246354 1
0.132020 1
0.899187 11
0.016846 25
0.000268 21
3.109704 14
0.503164 296
0.891624 291
0.197007 290
0.442158 291
1.850260 234
13.530388 1
0.400177 1
0.473176 1
0.346538 1
0.641453 1
0.318783 1
0.299628 1
0.480334 1
5.135478 1
0.831065 1
1.574510 1
1.644578 1
0.461174 1
0.769571 1
0.462654 1
0.227952 1
1.015732 1
1.576422 1
0.182617 1
0.365050 1
0.665220 1
0.184522 1
0.439346 1
0.339108 1
0.347304 1
0.829512 1
0.217592 1
0.198570 1
0.301348 1
0.104156 1
0.142234 1
0.339341 11
0.039701 42
7.265220 2
0.097027 44
0.000152 2
0.006478 8
0.001450 142
3.149582 31
10.040786 11
0.029132 44
0.000597 2
0.005570 8
0.000579 142
2.863021 31
27.806490 1
1.613267 1
1.407822 1
0.243141 1
0.444621 1
0.540265 1
0.488706 4
0.342096 1
0.388301 1
0.513728 1
0.267450 1
0.184415 3
0.315230 1
0.312688 1
0.567891 1
0.516420 11
0.063203 1
0.000526 80
0.000318 2
0.000076 78
0.000245 2
0.000074 40
0.000403 2
0.000071 69
7.229083 1
0.212026 1
0.166894 1
0.814919 86
0.055089 1
0.000601 30
7.173396 2
0.079823 105
0.002658 105
0.000541 2
0.001707 105
0.002206 105
0.000546 2
0.012145 8
0.001396 142
7.207106 161
0.136715 161
13.787756 1
0.175039 1
0.370117 97
5.054878 1
0.103212 1
0.532135 1
0.249192 1
0.820346 1
0.296625 1
2.116852 1
0.602753 1
0.134353 1
0.227745 1
0.967445 1
0.239597 1
0.371596 1
0.370504 1
0.408104 1
0.694830 1
0.107634 1
0.217117 1
0.429924 1
0.121700 1
0.071369 1
0.276737 11
2.379831 4
0.089889 90
0.000213 2
0.001003 48
0.000131 2
0.000578 65
0.000104 2
0.000368 38
0.000364 2
0.000400 50
0.000491 2
0.000977 40
0.000372 2
0.000323 63
0.000138 2
0.000858 39
0.000105 2
0.000638 54
0.000047 2
0.000133 51
0.000388 2
0.000759 32
0.000145 2
0.017108 8
0.000271 78
0.000802 21
1.222919 1
0.499481 1
0.084027 1
0.085277 1
0.083955 1
0.083578 1
0.085155 1
0.083168 1
0.084676 1
0.085654 1
0.083778 1
0.082285 1
0.083865 1
0.085833 1
0.083241 1
0.084834 1
0.081983 1
0.085594 1
0.339050 41
0.673987 37
0.136254 11
0.108110 1
0.000558 30
4.092061 2
0.077413 2
0.001408 261
0.001124 89
0.071515 2
0.003414 81
0.003997 100
0.061094 63
24.453490 1
0.110876 1
0.310670 1
0.739931 1
0.216402 1
0.217100 1
0.089946 1
0.153544 1
0.120099 1
0.115860 1
0.198013 1
0.154013 1
0.092118 1
0.150428 1
0.129092 89
2.647597 1
0.292938 1
0.233313 1
0.213156 1
0.398227 1
0.319135 1
0.585196 1
0.243328 1
0.382398 1
0.196540 1
0.293732 1
0.519934 1
0.376178 1
0.213898 1
0.469721 1
0.496399 1
0.754268 1
0.251405 2
0.001586 87
1.621577 17
0.726610 1
0.501773 1
0.083802 1
0.083387 1
0.915295 3
0.178947 7
0.751094 2
0.002001 87
0.798986 1
0.333259 1
0.590214 1
0.171403 1
0.679733 1
0.076873 1
0.200842 2
0.001891 11
0.000414 67
0.000451 62
0.000708 418
0.000952 811
0.000596 87
79.160377 6
0.308142 24
0.295304 11
0.241534 35
0.180429 46
0.458394 107
0.500716 31
0.081836 7
0.084145 29
0.084827 9
0.082548 1
0.091979 1
0.083480 1
0.082264 1
0.076528 1
0.087167 1
19.042300 32
0.574098 2
0.068849 41
1.404943 2
0.011086 37
0.000535 43
2.820622 2
0.489986 622
0.168126 86
8.065729 60
58.259562 125
0.734597 3
0.685803 1
0.321431 1
0.375657 1
0.505397 1
0.079703 1
0.083921 1
0.083311 1
0.083798 1
0.082468 1
0.083951 1
0.084367 1
0.085210 1
0.083471 1
0.085233 1
0.083121 1
0.085566 1
0.082620 1
0.089594 1
0.077689 1
0.084135 1
0.083962 1
0.083683 1
0.084439 1
0.084667 1
0.083910 1
0.084249 1
0.082904 1
0.084432 1
0.084029 1
0.555280 55
0.639251 3
0.501675 3
0.084967 3
0.084072 3
0.083974 3
0.083695 3
0.082413 3
0.083775 3
0.085348 3
0.082513 3
0.085435 3
0.083167 3
0.085291 3
0.083540 3
0.082770 3
0.085625 3
0.082082 3
0.084781 3
0.084622 3
0.083425 3
0.084217 3
0.084419 3
0.085138 3
0.083116 3
0.085271 3
0.083907 3
0.358301 7
1.455205 11
0.007209 102
0.038499 86
19.289315 97
1.211071 1
0.044483 1
0.193528 1
0.365088 1
0.340092 1
0.349073 1
0.242039 1
1.419704 1
0.593040 1
0.440073 1
0.311393 1
0.462673 1
0.134733 1
0.358892 1
0.390934 1
0.632011 1
0.569680 1
0.443987 1
0.295635 1
0.132833 1
0.706314 1
1.165685 1
1.162916 4
0.845006 1
0.929545 1
0.290787 1
0.424264 1
0.179042 1
0.601864 1
0.112062 1
0.270815 1
0.153646 1
0.087502 1
0.160855 1
9.494294 4
0.499453 4
0.084945 4
0.084035 4
0.083207 4
0.083631 4
0.084210 4
0.085574 4
0.083054 4
0.084856 4
0.296850 4
0.435410 1
0.217015 1
0.198433 1
0.127328 1
0.136255 1
0.112527 1
0.121269 1
0.236031 1
0.153932 1
0.256621 1
0.267919 1
4.380446 11
0.007226 52
0.000498 2
0.004959 24
0.001157 21
0.000114 2
0.002454 34
0.000645 20
0.000632 2
0.003446 23
0.002534 56
0.000550 2
0.003445 31
0.001909 38
0.000651 40
0.002494 37
0.002255 27
0.000867 37
0.000677 59
0.000884 2
0.003222 153
0.003401 105
0.000355 2
0.001478 52
0.000428 2
0.001976 33
0.000575 2
0.000654 115
0.002073 59
0.002251 54
0.001177 97
0.057538 61
0.002466 43
0.002788 62
0.000460 41
0.002235 2
0.002301 43
0.002004 54
0.008423 44
0.000800 32
0.000808 2
0.003000 87
0.000695 42
0.000130 2
0.003105 39
0.000341 48
0.002259 97
0.001874 43
0.003019 132
0.000639 57
0.002691 86
5.405585 97
1.590579 1
0.516811 1
0.109149 1
0.242671 1
0.546425 1
0.510062 1
0.419884 1
0.302217 1
0.354562 1
0.410930 1
0.662691 1
0.340168 1
0.322256 1
0.299227 1
0.375957 1
0.275626 1
0.127909 11
0.604781 86
4.639110 1
0.250372 1
0.278045 1
0.270276 1
1.022696 1
0.412416 1
0.223799 1
0.296975 1
0.697185 1
0.479074 1
0.247999 1
0.273749 1
0.338276 1
0.245647 1
0.279279 1
0.485325 1
0.553245 1
0.397042 1
0.253363 1
0.206811 1
0.633462 1
1.131441 4
0.834155 1
0.402244 1
0.419328 1
0.323285 4
0.120932 1
1.236551 4
0.386501 1
1.362069 1
0.597243 1
0.371416 1
0.699275 1
0.497084 1
0.344839 1
0.232390 1
0.333395 1
0.193683 1
1.229897 1
0.319369 1
0.433995 1
0.391408 1
0.269349 1
0.435691 1
0.305180 1
0.095576 1
0.118981 1
1.006594 11
0.037789 42
5.257764 2
0.106574 71
0.001118 56
0.000605 2
0.008855 86
2.820554 41
3.352303 1
1.478669 1
0.125359 1
0.258446 1
0.096303 1
0.145853 1
0.106516 1
0.133182 1
0.216253 1
0.163740 1
0.170876 1
0.231714 1
0.164378 1
0.222194 11
0.142608 31
6.156018 2
0.072994 41
0.000235 2
0.007363 86
2.713773 54
7.251560 1
0.496804 1
0.083453 1
0.084939 1
0.083298 1
0.084093 1
0.084025 1
0.082972 1
0.084682 1
0.087984 1
0.081339 1
0.083189 1
0.083943 1
0.084104 1
0.082090 1
0.086337 1
0.082191 1
0.083790 1
0.084923 1
0.083924 1
0.084133 1
0.084553 1
0.084358 1
0.085887 1
0.082587 1
0.085015 1
0.081409 1
0.084302 1
0.083808 1
0.084530 1
0.083786 1
0.083558 1
0.084045 1
0.083880 1
0.082752 1
0.084918 1
0.084220 1
0.265926 1
0.222891 1
0.640136 3
0.262645 5
0.466529 5
1.004798 11
0.138531 1
0.000706 30
4.560400 2
0.084211 105
0.057604 107
0.013732 8
0.001642 78
65.051315 1
0.287431 1
0.166429 1
0.214353 1
0.277970 17
0.017148 22
0.001725 78
0.761364 1
0.563737 1
0.235888 1
0.205886 1
0.234330 11
0.004266 12
0.011467 37
0.001358 2
0.002720 87
11.035603 1
0.738854 1
0.191976 1
0.208084 1
1.026114 1
0.250211 1
0.334105 1
1.171236 1
0.655621 1
0.319932 1
0.291392 1
0.349138 1
0.396375 1
0.336711 1
0.582150 1
0.648488 1
0.407205 1
0.148751 1
0.248387 1
1.809331 1
0.526862 1
0.395576 1
0.205671 2
0.205011 87
15.902928 1
0.216726 1
0.197964 1
0.647437 1
0.401442 1
0.129190 1
0.341393 1
0.130933 1
0.194809 1
0.116327 1
0.113585 1
0.275990 1
0.154809 1
0.144616 1
0.349931 1
0.849934 1
0.496158 1
6.035554 1
11.399662 1
0.284701 1
0.220495 1
0.088753 1
0.135243 1
0.130332 1
0.110153 1
0.242784 1
0.153852 1
0.155335 1
0.209771 1
0.326375 1
0.391894 1
2.837437 1
0.918378 1
0.097890 1
0.127246 1
0.488411 1
0.522761 1
0.508401 1
0.388046 1
0.390632 1
0.280630 1
0.132383 1
0.270721 1
0.230931 1
0.479452 1
0.340482 1
3.387051 1
1.252742 4
0.724074 1
1.774572 1
0.256994 1
0.588849 1
0.119913 1
0.130199 1
0.137204 1
0.088009 1
0.345028 1
0.197086 1
0.191811 1
0.483278 1
0.987878 1
0.880252 1
0.149980 1
0.393597 1
0.475790 1
0.357011 1
0.228666 1
0.139630 1
0.577527 1
0.362624 1
0.569815 1
0.176203 1
0.316923 1
0.210245 1
0.842655 1
37.767211 1
0.473288 1
0.250067 3
0.249329 1
0.513666 1
1.353932 1
9.372765 2
0.057951 41
3.687723 2
0.214510 129
60.433165 81
0.999465 4
0.500407 4
0.084186 4
0.084222 639
0.086850 4
0.081588 4
0.084268 4
0.084399 4
4.093815 4
0.714754 1
0.181719 1
0.387392 1
1.031351 1
0.546513 1
0.288203 3
0.232585 1
0.160711 1
0.511727 1
0.454040 2
0.037147 41
2.971691 2
0.213900 129
4.544926 81
0.469777 4
0.501402 4
0.083489 4
0.085248 639
0.083073 4
0.083185 4
0.083295 4
0.084013 4
0.084586 4
0.127535 4
0.500513 4
0.084924 4
0.082333 4
0.084908 4
0.083440 4
0.085176 4
0.083186 4
0.083385 4
0.084895 4
0.379585 4
0.156117 4
0.579232 2
0.037180 41
2.381513 2
0.210065 129
28.400590 1
0.361595 1
0.726438 4
0.502472 1
0.452118 65
1.061144 2
0.469156 60
0.862919 2
0.111809 41
2.874857 2
0.508177 105
0.487675 107
0.041949 38
0.001692 107
0.003064 212
0.003226 212
0.002885 212
0.004190 212
0.002491 212
0.002217 212
0.002931 107
0.004544 212
0.003641 212
0.003772 105
0.002375 107
0.002896 212
0.002779 212
0.003539 212
0.004763 212
0.002492 107
0.002550 107
0.004122 63
1909.248164 69
0.211063 2
0.306176 2
0.175672 2
0.183853 2
0.000540 34
0.000122 2
0.001089 63
2.807887 1
0.285714 1
0.130380 1
0.178670 1
0.143558 10
0.002000 39
0.049898 8
0.000169 78
9.801653 60
1.206108 125
0.498679 1
0.085474 1
0.082399 1
0.084723 1
0.083535 1
0.084301 1
0.082879 1
0.085044 1
0.083419 1
0.083539 1
0.083871 1
0.084501 1
0.084861 1
0.503559 33
0.905613 29
0.221385 1
0.500444 1
0.085400 1
0.083332 1
0.083544 1
0.083708 1
0.084101 1
0.084149 1
0.084783 1
0.084868 1
0.082326 1
0.084581 1
0.084335 1
0.083668 1
0.084514 1
0.083674 1
0.084037 1
0.083503 1
0.083643 1
0.084500 1
0.084349 1
0.083550 1
0.084775 1
0.083655 1
0.316457 1
0.579504 5
0.208489 5
8.335509 11
0.012540 98
0.000112 2
0.039589 8
0.000323 78
11.980118 1
0.175421 1
0.653984 1
0.169728 1
0.185014 1
0.231965 1
0.085060 1
0.162113 1
0.086096 1
0.143669 1
0.241547 1
0.155300 1
0.091230 1
0.202060 1
0.163714 121
1.729643 1
0.319572 1
0.427038 1
0.194912 1
0.311908 1
0.317135 4
0.060916 1
9.087906 1
0.380423 21
0.458708 35
0.006589 8
0.000707 102
10.407689 1
0.124104 1
0.583059 1
1.050255 1
0.712122 1
0.353619 1
0.972246 1
1.848669 1
0.197918 1
0.205546 1
0.533022 1
0.743028 1
0.509422 1
0.292919 1
0.451749 1
0.530245 1
0.582738 4
0.152682 1
0.123487 1
0.190338 1
0.377200 1
0.303420 1
0.283171 1
0.901203 11
0.085018 274
6.420007 34
0.001504 8
0.003176 102
0.171532 2
0.000150 9
0.000336 8
0.000079 102
1.865958 1
0.205431 1
1.564439 97
1.041941 2
0.454504 23
1.708140 11
0.047175 274
12.590757 1
0.399127 1
0.276783 1
0.589845 86
0.064668 31
10.785818 2
4.062437 70
4.214391 2
4.061366 70
5.679065 2
0.140268 2
0.962688 2
0.428827 4
0.498907 61
0.002206 8
0.001242 78
0.000711 2
0.000577 9
0.000444 8
0.000325 78
0.000280 2
0.000367 9
0.000874 8
0.001393 78
0.000461 21
0.073986 2
0.000099 9
0.122691 31
1.524757 2
0.009174 70
0.137717 2
0.008858 70
0.150370 2
0.009850 61
0.000983 8
0.000608 78
0.126346 97
0.145934 97
0.839975 21
0.941927 4
0.235273 1
0.228410 11
0.102192 1
0.000535 30
5.217307 2
2.435085 70
7.209137 2
0.081922 2
0.000979 75
0.000616 117
0.000656 2
0.000232 67
0.000621 87
0.000463 2
0.075192 2
0.003930 81
0.004082 100
0.061569 63
3.492746 1
0.198409 1
0.119874 1
0.175235 1
0.217216 1
0.239040 1
0.101308 1
0.116456 1
0.104332 1
0.100217 1
0.207377 1
0.159463 1
0.087569 1
0.209372 1
0.259260 89
0.691336 14
0.543754 21
0.587345 12
0.346541 62
0.919326 93
0.328893 60
0.257007 21
0.257720 18
0.191003 113
0.151217 54
0.167065 97
0.656764 38
0.504095 115
0.081910 101
0.083943 18
0.081228 24
0.085392 93
0.083820 60
0.083707 99
0.773576 4
0.158170 4
0.131353 4
0.143752 4
0.143457 1
0.150678 1
0.148528 1
2.426380 1
0.268015 1
0.518577 1
0.232027 1
0.167549 1
0.868227 1
3.368555 4
0.500339 4
0.084146 4
0.085777 4
0.083413 4
0.083777 4
0.083679 1
0.082808 1
0.083740 1
0.098421 1
0.071119 1
0.356650 58
0.698207 93
0.362741 60
0.292193 21
0.603114 18
0.312967 113
0.439079 101
0.222121 18
0.152820 24
0.154227 93
0.147149 60
0.118934 91
0.405957 4
0.354383 18
0.277193 17
0.179311 1
0.313968 1
9.655478 53
0.002783 45
0.060718 87
17.981698 4
0.029066 7
0.525099 4
0.522282 12
0.410059 8
0.188706 7
0.358982 1
0.619928 4
0.334949 12
0.327384 62
0.862138 93
0.366769 60
0.801446 21
0.395215 18
0.272568 113
0.235443 54
0.241701 97
0.239057 24
0.243803 11
0.239333 35
0.212474 46
0.186676 36
0.322238 53
0.206607 30
0.193037 24
0.172734 24
0.176993 71
0.155578 95
0.564042 59
2.200017 1
0.495303 1
0.084840 1
0.084265 1
0.084217 1
0.082822 1
0.083976 1
0.084752 1
0.084021 1
0.086136 1
0.080945 1
0.083958 1
0.084594 1
0.083167 1
0.085953 1
0.082951 1
0.084665 1
0.083730 1
0.084373 1
0.787253 3
0.374101 41
0.223766 37
0.395825 1
0.503907 1
0.081870 1
0.085520 1
0.083190 1
0.082998 1
0.085617 1
0.082257 1
0.084205 1
0.084552 1
0.083412 1
0.085117 1
0.083032 1
0.083992 1
0.084577 1
0.086445 1
0.082211 1
0.083023 1
0.084293 1
0.083708 1
0.084149 1
0.084195 1
0.083760 1
0.083667 1
0.083554 1
0.431854 5
0.342142 5
2.986272 2
0.002752 43
0.000850 2
0.069870 87
18.389557 1
0.050733 1
0.817125 4
0.380496 1
2.264484 4
0.180990 4
0.153649 1
0.172392 1
1.248696 4
0.473410 12
0.441305 62
1.765830 99
0.489837 8
0.267340 4
0.172569 4
0.119748 4
0.160648 4
0.141973 1
0.149574 1
0.457646 1
0.185198 1
0.876044 1
0.138967 1
0.218047 1
0.106867 1
0.406036 1
0.084875 1
0.210470 1
0.366280 1
0.175798 1
0.430573 1
0.177882 1
0.129318 1
0.426761 1
0.924736 1
1.350055 1
7.985149 1
0.666825 1
0.183879 1
0.422403 1
0.384280 1
0.223846 1
0.786125 1
0.319417 1
0.175702 1
0.579879 1
0.305595 1
0.248447 1
0.404944 1
0.160288 1
0.524873 4
0.244803 1
0.218366 1
0.275463 2
0.072711 41
2.663532 2
0.808379 624
0.229885 8
0.002047 78
133.361383 1
0.363799 1
1.762388 1
1.779657 1
0.414468 1
0.228285 1
0.506245 1
0.572844 1
1.261863 1
1.161638 1
0.795406 1
1.714195 1
0.279501 1
0.487795 1
0.175557 1
0.271395 1
1.023171 1
0.728933 1
0.480740 1
1.106843 1
0.758811 1
0.449675 1
0.804014 1
1.094487 1
0.188330 1
0.387074 1
0.403927 1
0.790251 1
0.349162 1
0.960140 1
2.467511 1
0.425862 1
0.118045 1
0.200326 1
0.155553 1
0.312222 1
0.183145 1
0.104302 1
0.288154 1
0.393446 1
0.123616 1
0.302198 1
1.259011 1
0.279887 1
0.563687 1
0.635924 1
0.439606 1
0.242325 1
0.287499 1
0.299409 1
0.963623 1
0.483523 1
0.220807 1
0.456744 1
0.433811 1
1.836835 1
0.772009 1
1.089046 1
4.652922 1
3.471153 1
6.765509 1
0.502882 1
0.084543 1
0.083039 1
0.086175 1
0.082177 1
0.083737 1
0.084699 1
0.083008 1
0.085212 1
0.082716 1
0.084889 1
0.084125 1
0.085466 1
0.082888 1
0.090588 1
0.077724 1
0.084414 1
0.084501 1
0.084230 1
0.082962 1
0.085460 1
0.082704 1