0.233410 63
42.751258 1
0.429085 1
0.864632 1
0.632373 1
0.103150 1
0.229174 1
0.259162 1
0.156173 1
0.154317 1
0.116385 1
0.246167 1
0.219061 1
0.139731 1
0.195646 1
0.249643 89
2.399219 1
0.392918 1
0.326457 1
0.218707 1
0.442666 1
2.196938 1
0.864731 1
1.334248 1
0.542476 1
0.598872 1
0.334708 1
0.299952 1
0.791181 1
0.179137 1
0.720471 1
0.391588 1
0.639027 1
0.264219 1
0.933943 4
0.284577 1
0.276701 2
0.003597 87
57.201192 1
0.514717 1
0.887950 1
0.550020 1
0.698152 1
1.683071 1
0.636365 1
0.421840 1
1.179846 1
1.868531 1
0.303699 1
0.355204 1
0.440174 1
0.324466 1
0.368184 1
0.486824 1
0.513144 1
1.460077 1
0.425755 1
1.405168 1
0.719299 1
1.178130 1
1.519087 4
0.446087 1
0.435065 1
0.507049 1
0.109224 1
0.298955 1
0.136367 1
0.419685 1
0.347514 1
1.929034 1
0.824240 1
0.677055 1
0.153797 1
0.274721 1
0.095557 1
0.166494 1
0.123340 1
0.150748 1
0.237737 1
0.203804 1
0.186675 1
0.207229 1
2.071016 1
1.263228 1
0.325605 1
0.367956 1
0.877565 1
17.229954 1
0.253955 1
0.229086 1
0.593603 3
0.361994 1
0.159392 1
1.271838 1
2.821883 1
0.246089 1
0.532834 1
4.030633 1
1.836614 1
0.077776 1
0.260948 1
0.158740 1
0.121210 1
0.162183 1
0.108387 1
0.236636 1
0.199157 1
0.395213 1
0.249461 1
1.799867 1
1.969527 1
0.550125 1
0.323004 1
1.198384 1
0.296607 1
0.205831 1
0.927869 1
0.136172 1
0.433831 1
0.885029 1
0.733944 1
0.306921 1
0.632028 2
0.065799 39
3.464752 2
2.610859 78
14.904713 2
2.612003 78
3.315997 2
1.306671 274
7.379018 84
1.817764 1
0.500198 1
0.031029 1
0.030850 1
0.030472 1
0.030047 1
0.029912 1
0.030888 1
0.030921 1
0.029384 1
0.031878 1
0.030383 1
0.030279 1
0.030990 1
0.031142 1
0.031312 1
0.030301 1
0.031302 1
0.030515 1
0.029965 1
0.030016 1
0.030203 1
0.031304 1
0.030104 1
0.030692 1
0.029722 1
0.030202 1
0.030080 1
0.030674 1
0.031248 1
0.029679 1
0.030563 240
0.031053 1
0.031025 1
0.030858 1
0.030504 1
0.030511 1
0.029674 1
0.031804 1
0.031813 1
0.031434 1
28.731963 187
0.724234 84
0.378476 1
0.500365 1
0.029987 1
0.030667 1
0.031109 1
0.030787 1
0.031191 1
0.031801 1
0.031778 1
0.031977 1
0.031099 1
0.030089 1
0.031130 1
0.030924 1
0.029332 1
0.031347 1
0.030961 1
0.030924 1
0.029901 1
0.029595 1
0.031007 1
0.031916 1
0.032325 1
0.031486 1
0.031634 1
0.031197 1
0.030086 1
0.031264 1
0.031312 1
0.032071 1
0.031339 1
0.029696 240
0.030648 1
0.031068 1
0.029903 1
0.030741 1
0.032373 1
0.031816 1
0.030966 1
0.031251 1
0.031283 1
0.031492 1
0.496849 3
0.437642 3
0.762832 164
0.949636 164
0.167021 5
0.037326 41
2.280447 2
0.284835 31
0.002937 4
0.043258 174
135.732974 86
0.787979 2
0.042592 41
3.260727 2
0.210356 31
0.046213 87
0.000060 87
151.791044 92
0.300667 1
5.458186 1
0.219431 1
0.504099 4
0.143511 4
0.947909 1
4.346475 1
0.476937 1
1.139676 1
0.386074 1
0.268619 1
1.059259 1
0.424791 1
0.087111 1
0.322625 1
0.617858 1
0.461313 1
0.300440 1
0.535023 4
0.306052 1
0.313451 115
1.661041 15
0.740525 101
4.023338 2
0.043376 41
3.831225 2
0.203734 138
0.145328 314
38.229482 118
0.101914 1
0.318051 1
0.639696 4
0.156903 1
0.191911 1
0.125738 1
0.173853 1
0.281217 89
0.769801 6
0.520627 92
8.602238 4
0.500262 4
0.030487 4
0.030799 4
0.031167 4
0.030387 4
0.030487 4
0.030060 4
0.031276 4
0.031209 4
0.030837 4
0.031636 4
0.030553 4
0.031379 4
1.129738 1
1.022188 2
0.045266 41
4.069971 2
0.218300 31
0.005888 4
0.043898 87
0.000214 87
40.329833 73
18.562672 2
0.047998 41
3.243135 2
0.230433 31
0.011960 4
0.042659 87
0.000058 87
30.602981 1
0.515818 73
2.115776 1
8.801842 1
0.897733 1
0.726826 1
0.792955 1
0.321176 1
0.467305 1
0.895536 1
0.159955 1
0.380418 1
0.132951 1
0.275767 1
0.348449 1
1.024028 1
17.851008 4
0.216309 2
0.040257 41
3.115419 2
0.221834 31
0.003801 4
0.043185 174
1.853228 86
1.488240 1
6.579679 1
0.260917 1
0.250845 1
0.320104 1
1.311190 1
0.667493 1
0.140845 1
0.110009 1
0.326941 2
0.045126 41
2.085126 2
0.218461 31
0.003163 153
0.000723 87
7.113500 95
0.897097 4
0.138754 4
0.156742 4
0.141816 4
0.148760 4
0.168574 4
0.140452 4
0.364928 4
0.667759 2
0.041492 41
2.225132 2
0.224204 31
0.046013 87
0.000060 87
135.428155 87
4.358552 4
0.228613 2
0.041451 41
2.780243 2
0.221478 31
0.003962 4
0.049692 87
0.000117 87
214.821795 86
0.976206 4
2.250150 1
0.502950 1
0.501388 1
0.030622 1
0.030641 1
0.031276 1
0.030722 1
0.031310 1
0.030394 1
0.030898 1
0.031264 1
0.031017 1
0.031392 1
0.031021 1
0.031343 1
0.030632 1
0.030357 1
0.689183 3
0.180276 3
0.324392 3
0.205160 3
0.852966 29
0.500124 29
0.030885 29
0.030791 29
0.029931 29
0.030795 29
0.030539 29
0.030093 29
0.031936 48
0.030776 45
0.030899 42
0.029570 37
0.964799 2
0.056784 41
9.446691 2
0.231103 31
0.046159 86
0.000064 87
153.123288 1
148.813367 4
0.442570 74
1.374629 48
1.170537 1
0.499542 1
0.030949 1
0.031017 1
0.030799 1
0.031333 1
0.030709 1
0.030164 1
0.030415 1
0.031643 1
0.030311 1
0.029894 1
0.030512 1
0.031036 1
0.030530 1
0.030862 1
0.030668 1
0.031281 1
0.029490 1
0.031269 1
0.031100 1
0.029894 1
0.030776 1
0.031356 1
0.030498 1
0.029664 1
0.030685 1
0.030808 1
0.031096 1
0.030520 1
0.030140 1
0.030168 246
0.031360 1
0.031089 1
0.030647 1
0.030251 1
0.030525 1
0.030363 1
0.031482 1
0.030892 1
0.029654 1
0.031650 1
0.029870 1
0.030784 1
0.030835 1
0.030918 1
0.220056 1
0.501084 1
0.030269 1
0.030594 1
0.031068 1
0.030817 1
0.030840 1
0.030571 1
0.029998 1
0.030368 1
0.029504 1
0.031615 1
0.030576 1
0.030769 1
0.031000 1
0.030848 1
0.030356 1
0.030041 1
0.031260 1
0.031144 1
0.402267 1
0.313868 1
0.500349 1
0.184920 1
0.195301 1
0.151155 1
0.703458 110
0.298917 110
0.170730 195
0.168411 192
0.482090 193
0.780868 190
3.053871 3
0.269727 3
0.259980 3
0.861951 3
0.469314 197
0.170892 194
0.167889 191
0.300644 186
4.505442 5
0.046494 41
3.116983 2
0.278851 87
70.525815 78
0.651556 183
2.790998 1
0.672974 48
0.452136 1
0.500069 1
0.031619 1
0.030739 1
0.030176 1
0.030438 1
0.030771 1
0.031541 1
0.030956 1
0.030139 1
0.030374 1
0.030501 1
0.030259 1
0.030595 1
0.031080 1
0.030219 1
0.030726 1
0.030872 1
0.030587 1
0.030180 1
0.031729 1
0.030340 1
0.115714 1
0.402880 1
2.533567 50
0.730489 53
0.255937 56
0.305548 59
0.995643 62
0.790234 65
0.573532 2
0.001297 52
0.000044 2
0.000026 74
0.000018 2
0.000402 87
3.408837 92
0.411386 1
0.499982 1
0.030996 1
0.030555 1
0.030476 1
0.030010 1
0.030020 1
0.030587 1
0.030106 1
0.031181 1
0.030642 1
0.030837 1
0.031512 1
0.030286 1
0.030303 1
0.031290 1
0.030695 1
0.030839 1
0.031137 1
0.029819 1
0.029660 1
0.031196 1
0.030279 1
0.030221 1
0.030701 1
0.030899 1
0.030072 1
0.030548 1
0.029788 1
0.030625 1
0.030138 1
0.417420 3
0.383212 3
0.999820 56
0.424035 2
0.042027 41
3.172078 2
0.233738 31
0.002649 206
0.000615 87
20.442401 91
7.281219 1
0.499795 1
0.031399 1
0.030992 1
0.030874 1
0.031465 1
0.030252 1
0.031083 1
0.031146 1
0.031200 1
0.030690 1
0.031759 1
0.207939 1
0.500245 1
0.030451 1
0.030975 1
0.030549 1
0.030539 1
0.030202 1
0.030735 1
0.028927 1
0.030020 1
0.302499 1
0.279536 1
0.519989 63
0.245335 60
0.226435 57
0.261056 54
0.447573 51
2.099259 3
0.499967 3
0.030195 3
0.030867 3
0.031000 3
0.029609 3
0.030417 3
0.031031 3
0.031547 3
0.031137 3
0.030067 3
0.029340 3
0.030678 3
0.030957 3
0.030663 3
0.355660 2
0.045236 41
2.323575 2
0.219714 31
0.045866 87
0.000060 87
101.193980 86
0.851869 2
0.044397 41
2.922179 2
0.237192 31
0.006913 4
0.048158 87
0.000062 87
165.170016 1
0.789628 1
0.140883 1
0.274611 1
0.187148 8
