0.965290 63
67.950121 1
0.228683 1
0.607239 4
0.149694 4
0.137849 1
0.758713 1
0.269136 1
0.116244 1
0.270778 1
0.142869 1
0.253778 1
0.171057 1
0.118437 1
0.143748 1
0.100266 1
0.206369 1
0.170569 1
0.180834 1
0.287875 1
0.874518 89
1.320667 1
0.238232 1
0.482687 1
0.159664 1
0.259062 1
2.643578 1
0.438537 1
0.685509 1
0.962358 4
0.450313 1
0.470684 1
0.265291 1
0.392093 1
0.593802 1
0.634389 1
0.102486 1
0.286093 1
0.188911 1
1.490281 1
0.361238 1
0.306210 4
0.447711 1
190.572927 2
0.001794 87
221.835122 1
0.260955 1
0.994662 1
0.494372 1
0.618963 1
0.777439 1
0.475983 1
0.122263 1
0.367634 1
0.444393 1
1.409570 1
0.368376 1
1.223169 1
2.092740 1
0.616765 1
0.135972 1
0.264292 1
0.099952 1
0.131557 1
0.107363 1
0.107521 1
0.228515 1
0.187792 1
0.121671 1
0.239452 1
0.493881 4
0.151093 1
1.426867 1
0.186704 1
0.658462 1
1.467027 1
0.115376 1
0.103633 1
0.638616 1
0.353614 1
0.644127 1
0.550203 1
0.576494 1
0.461972 1
0.249750 1
0.460969 1
0.328993 1
0.163798 1
0.172259 1
1.448854 1
1.290783 1
0.191235 1
0.207472 1
0.127397 1
0.091489 1
0.152945 1
0.130659 1
0.685560 3
0.196194 1
0.180418 1
0.318216 1
2.619519 1
1.211452 1
0.545380 1
0.527187 1
3.182736 1
0.360925 1
0.696178 1
0.990481 1
0.429779 1
0.482616 1
0.489012 4
0.451925 1
0.807884 1
0.441651 1
0.377032 1
0.797066 2
0.000719 35
0.000123 2
0.000612 87
5.687198 69
0.741064 1
0.500911 1
0.030796 1
0.030406 1
0.031360 1
0.030718 1
0.029702 1
0.030489 1
0.030974 1
0.031487 1
0.030637 1
0.031738 1
0.031219 1
0.030863 1
0.030218 1
0.030664 1
0.030795 240
0.031183 1
0.031033 1
0.030264 1
0.030450 1
0.029747 1
0.030588 1
0.031621 1
0.030939 1
0.031968 1
0.031206 1
0.031517 1
0.030393 1
0.031777 1
0.030779 1
0.030850 1
0.030462 1
0.030121 1
0.030327 1
0.030775 1
0.031132 1
0.031447 1
0.612001 1
0.500765 1
0.030314 1
0.029650 1
0.030758 1
0.030540 1
0.029902 1
0.031251 1
0.030993 1
0.030043 1
0.031590 1
0.030301 1
0.029990 1
0.030622 1
0.030618 1
0.030754 1
0.029760 1
0.030128 1
0.669241 1
0.260444 1
1.011882 1
0.241296 1
0.306651 1
0.283576 1
0.564503 3
0.349996 172
0.330145 171
1.204650 174
0.449519 177
0.643526 180
1.792861 183
0.526773 186
0.402225 189
1.035819 192
1.204910 195
0.115354 198
0.561144 201
0.898870 204
2.176897 207
0.242573 122
1.592928 122
0.455288 122
0.233629 122
0.330913 122
4.934713 5
0.169029 41
3.119213 2
0.286875 31
0.002085 59
0.045280 89
0.000018 87
534.161827 1
0.251741 1
0.284787 1
1.135920 1
0.558570 1
0.148186 1
0.430225 1
0.335543 1
0.592857 1
0.529977 1
0.938781 1
2.097044 1
1.471571 1
0.542459 4
0.297733 4
0.164210 4
0.166161 4
0.175767 4
0.177770 4
0.200292 4
0.202156 4
0.193305 4
0.488134 1
0.113632 1
0.227442 1
0.108278 1
0.154385 1
0.114959 1
0.136539 1
0.220907 1
0.160556 1
0.141186 1
0.271778 1
0.985347 1
0.446409 1
1.970347 1
1.671200 1
0.235239 1
0.249191 1
0.107460 1
0.132448 1
0.113050 1
0.126740 1
0.245484 1
0.194531 1
0.855178 1
0.241651 1
27.228291 1
0.160864 1
0.275774 1
0.638750 1
0.371023 1
0.266798 1
0.208277 1
1.080242 1
1.086882 1
0.233706 1
0.391620 1
0.658554 1
0.206527 1
0.331050 1
0.512909 1
0.137766 1
0.196789 1
1.628922 1
0.467648 1
0.147195 1
0.492887 1
0.308881 4
0.278262 1
0.121700 3
0.181288 1
0.392427 1
7.956024 1
0.231865 1
0.150063 1
0.282837 1
0.270785 1
71.447864 2
0.050295 41
2.566739 2
0.009321 37
0.000051 2
0.000038 41
0.166761 2
0.009190 37
0.000495 2
0.000052 41
0.488867 2
0.009547 40
0.000034 2
0.001086 104
73.852663 60
1.105552 2
0.045836 41
2.114226 2
0.246696 42
0.000013 87
80.293386 60
129.114925 1
4.860156 2
0.043319 41
2.475425 2
0.009565 37
0.000345 2
0.000061 41
0.197307 2
0.009415 37
0.000036 2
0.000268 41
0.114397 2
0.009363 42
0.000431 104
0.128763 89
0.143976 89
0.803030 61
0.847186 2
0.043107 41
0.895742 2
0.009636 37
0.000065 2
0.000048 41
0.160829 2
0.009581 37
0.000242 2
0.000061 41
0.113873 2
0.009898 42
0.000440 104
0.143551 89
0.117783 89
0.733377 61
1.042185 4
0.191108 2
0.047768 41
3.376696 2
0.356944 42
0.000022 87
48.974308 149
23.103689 4
0.916330 1
10.720816 2
0.047147 41
2.638226 2
0.350660 42
0.000022 87
45.326234 58
1.244914 1
0.849920 1
0.741260 1
0.090786 1
10.030213 1
0.393014 3
0.166792 1
3.383620 1
0.165501 1
0.302027 1
0.165471 1
0.341794 1
0.345873 1
0.325431 2
0.050481 41
2.098446 2
0.350082 129
8.180725 73
0.857087 1
0.223755 1
0.179721 1
0.177106 1
0.147267 1
0.126596 1
0.177733 1
1.130423 570
0.911783 9
0.967629 2
0.051165 41
1.946959 2
0.344013 129
8.514813 1
0.055808 1
0.777946 4
0.210082 1
0.200519 65
1.122899 2
0.351312 73
1.622459 4
0.199080 4
0.150029 4
0.147238 4
0.157700 4
0.162758 4
0.279568 4
0.166267 4
0.248688 4
0.160592 4
0.163320 4
0.154814 4
0.282458 4
0.317196 2
0.045238 41
2.618268 2
0.357380 93
0.652339 95
0.007855 36
0.000061 2
0.001080 93
0.000044 2
0.002133 93
0.000768 93
0.000058 2
0.001221 93
0.000661 93
0.000037 2
0.001422 93
0.000571 93
0.000038 2
0.001354 93
0.000577 93
0.000043 2
0.001864 93
0.000069 2
0.000889 44
0.000047 2
0.000562 93
0.000822 93
0.000046 2
0.001356 93
0.000074 93
0.000027 2
0.001069 93
0.007585 93
0.000069 2
0.002887 93
0.006601 95
0.001503 188
0.001150 188
0.001260 93
0.000931 95
0.001488 95
0.000905 95
0.000806 63
137.332034 1
0.260755 1
0.168071 1
0.241356 1
0.840463 8
